# Created by Octave 3.2.4, Wed Jun 05 00:52:20 2013 ART <ulises@ulises-W240HU-W250HUQ>
# name: Q
# type: matrix
# rows: 1000
# columns: 3
 0 0 1370402779.936586
 2e-05 0.001230064813434474 304.2516360282898
 3e-05 0.001844919067280756 107.1795969009399
 4e-05 0.002459654559280138 51.10556578636169
 5e-05 0.003074271293105163 27.77327108383179
 6.000000000000001e-05 0.003688769274690969 17.56249380111694
 7.000000000000001e-05 0.004303148508649778 11.27372193336487
 8.000000000000001e-05 0.004917408999575433 8.399599075317383
 9.000000000000001e-05 0.005531650832628041 6.86362099647522
 0.0001 0.006145573772100696 5.262541055679321
 0.00011 0.00675947806369836 5.479791879653931
 0.00012 0.007373263632195578 4.679728984832764
 0.00013 0.00798714721546045 4.184194087982178
 0.00014 0.008600478620476157 2.989745140075684
 0.00015 0.009213908050545122 2.846704959869385
 0.00016 0.009827218778063279 2.564971923828125
 0.00017 0.01044041080832039 2.349236011505127
 0.00018 0.0110536840823537 2.220686912536621
 0.00019 0.01166679049317089 1.845164060592651
 0.0002 0.01227927476819831 1.684146881103516
 0.00021 0.0128919920622894 1.57815408706665
 0.00022 0.01350459068594923 1.381814002990723
 0.00023 0.01411779403434706 1.292096853256226
 0.00024 0.01472943194359559 1.215261936187744
 0.00025 0.01534190579334127 1.144379854202271
 0.00026 0.01595485644617057 1.111055135726929
 0.00027 0.01656700220466741 1.045811891555786
 0.00028 0.01717769065557416 1.023643970489502
 0.00029 0.0177906918315172 0.9688019752502441
 0.0003 0.01840110820025333 0.9302968978881836
 0.00031 0.0190137276575763 0.888239860534668
 0.00032 0.01962405126514873 0.84769606590271
 0.0003300000000000001 0.02023534488242762 0.8245408535003662
 0.00034 0.02084651989729685 0.7932460308074951
 0.0003500000000000001 0.02145757631556693 0.7585711479187012
 0.00036 0.02207011002768137 0.7384791374206543
 0.00037 0.0226802900579624 0.7184240818023682
 0.00038 0.02329073576864904 0.6937699317932129
 0.00039 0.02390126422781863 0.6753799915313721
 0.0004 0.02451107967104891 0.6583559513092041
 0.00041 0.02512180305233426 0.686816930770874
 0.00042 0.02573165104998978 0.6158890724182129
 0.00043 0.026344853757737 0.6028130054473877
 0.00044 0.026951748238347 0.6135580539703369
 0.00045 0.02756286439990622 0.5983169078826904
 0.00046 0.02817476565750513 0.6025900840759277
 0.00047 0.02878299896417814 0.5829877853393555
 0.0004800000000000001 0.02939052024511886 0.5695369243621826
 0.0004900000000000001 0.03000054947232668 0.5441658496856689
 0.0005 0.030611960920485 0.5375759601593018
 0.00051 0.03121835487851475 0.5581719875335693
 0.0005200000000000001 0.03183199715893806 0.4950840473175049
 0.0005300000000000001 0.03244100778858616 0.4893591403961182
 0.00054 0.03304751150886683 0.4698829650878906
 0.00055 0.03365380889580791 0.4625861644744873
 0.0005600000000000001 0.03426237622519718 0.454960823059082
 0.0005700000000000001 0.03487586538281384 0.4484329223632812
 0.00058 0.03548471092343571 0.444843053817749
 0.00059 0.03609062738590008 0.4384450912475586
 0.0006000000000000001 0.03669546104537841 0.4262077808380127
 0.0006100000000000001 0.03730804119625888 0.4156410694122314
 0.00062 0.03791700009438864 0.4118750095367432
 0.00063 0.03852390191960969 0.4113459587097168
 0.0006400000000000001 0.03913042050495102 0.4096899032592773
 0.0006500000000000001 0.03973833925470827 0.4014039039611816
 0.0006600000000000001 0.04034153554150582 0.3903248310089111
 0.00067 0.04094953985926955 0.3950629234313965
 0.00068 0.04155594653493205 0.3873260021209717
 0.0006900000000000001 0.0421709704088935 0.3911170959472656
 0.0007000000000000001 0.04276988403747488 0.3741819858551025
 0.00071 0.04338059220577068 0.3727619647979736
 0.00072 0.04398652540451162 0.3610870838165283
 0.0007300000000000001 0.04459849201611628 0.3473598957061768
 0.0007400000000000001 0.04519824322541183 0.339169979095459
 0.00075 0.04580679218511527 0.3382899761199951
 0.00076 0.04641556041158288 0.3323540687561035
 0.0007700000000000001 0.04701493739488491 0.3311319351196289
 0.0007800000000000001 0.04762777921481594 0.3323278427124023
 0.00079 0.04823342087081836 0.325084924697876
 0.0008 0.04883247122943749 0.3178770542144775
 0.0008100000000000001 0.04944968301505447 0.3024508953094482
 0.0008200000000000001 0.05005049585615358 0.2946760654449463
 0.0008300000000000001 0.05066006574707883 0.4421448707580566
 0.00084 0.05125419373741653 0.2965149879455566
 0.0008500000000000001 0.05185932871232326 0.3066189289093018
 0.0008600000000000001 0.05247728904130127 0.2900650501251221
 0.0008700000000000001 0.05308217670985774 0.2883129119873047
 0.00088 0.05367402419582453 0.284574031829834
 0.0008900000000000001 0.05428195208568669 0.2811429500579834
 0.0009000000000000001 0.05489313644596647 0.2770571708679199
 0.0009100000000000001 0.05549349786626777 0.2757267951965332
 0.00092 0.05609871239873584 0.2729020118713379
 0.0009300000000000001 0.0567099664701608 0.2676749229431152
 0.0009400000000000001 0.05731228835293897 0.2635641098022461
 0.0009500000000000001 0.05790591794161865 0.2644720077514648
 0.0009600000000000001 0.05850801097489129 0.2621209621429443
 0.0009700000000000001 0.05911990583336448 0.2595479488372803
 0.0009800000000000002 0.05972538349012083 0.2579190731048584
 0.00099 0.06032479267906098 0.2559659481048584
 0.001 0.06093682575503245 0.2555820941925049
 0.00101 0.06152559735321489 0.2580850124359131
 0.00102 0.06212853821501444 0.2514760494232178
 0.00103 0.06274720329589042 0.2528731822967529
 0.00104 0.06334357723472768 0.2549068927764893
 0.00105 0.06393720726387991 0.2488999366760254
 0.00106 0.06454917574763623 0.2504780292510986
 0.00107 0.06516022018745565 0.254957914352417
 0.00108 0.06574955771710563 0.2381291389465332
 0.00109 0.06636007893948861 0.2302029132843018
 0.0011 0.06694929413474285 0.231719970703125
 0.00111 0.06756171474113132 0.2270240783691406
 0.00112 0.06815330254182489 0.2239329814910889
 0.00113 0.06877021825301781 0.2212059497833252
 0.00114 0.06936684660472929 0.219106912612915
 0.00115 0.06996684186933259 0.2165749073028564
 0.00116 0.07057093225869986 0.2210869789123535
 0.00117 0.07117986756069702 0.2179679870605469
 0.00118 0.07176896648448808 0.2192018032073975
 0.00119 0.0723636147051654 0.2122619152069092
 0.0012 0.07296461595536378 0.2109889984130859
 0.00121 0.07357279550524001 0.2137200832366943
 0.00122 0.07418900015650104 0.2075660228729248
 0.00123 0.0747864605505372 0.2065999507904053
 0.00124 0.07539280879494779 0.2053828239440918
 0.00125 0.07598040907784917 0.2068309783935547
 0.00126 0.07657781043475903 0.2119901180267334
 0.00127 0.0771859457047058 0.2041351795196533
 0.00128 0.07777585816682536 0.1948680877685547
 0.00129 0.07837750394675269 0.2215940952301025
 0.0013 0.07899186955555609 0.2297220230102539
 0.00131 0.07958864542870336 0.2486951351165771
 0.00132 0.0801674332581952 0.2491569519042969
 0.00133 0.08079238027115289 0.2467989921569824
 0.00134 0.08136771924543604 0.2266731262207031
 0.00135 0.08199134041653469 0.2141730785369873
 0.00136 0.08256460060426817 0.2093608379364014
 0.00137 0.08318833017639508 0.2135989665985107
 0.00138 0.08379569021749571 0.2137811183929443
 0.00139 0.08438632599261642 0.2216761112213135
 0.0014 0.08495988306687548 0.2306210994720459
 0.00141 0.08558847620968439 0.2394628524780273
 0.00142 0.08616458080177873 0.2231850624084473
 0.00143 0.08676084064962697 0.203873872756958
 0.00144 0.08737846674068359 0.1946241855621338
 0.00145 0.08798039149032409 0.1929340362548828
 0.00146 0.08856629306242376 0.1949498653411865
 0.00147 0.08917520335012932 0.1885960102081299
 0.00148 0.08976851153497913 0.1922030448913574
 0.00149 0.09034590684274021 0.184643030166626
 0.0015 0.0909480389192603 0.1818561553955078
 0.00151 0.09157622513236856 0.1874418258666992
 0.00152 0.0921477058938904 0.1817338466644287
 0.00153 0.09274574051645267 0.1908040046691895
 0.00154 0.09332853708222356 0.1795439720153809
 0.00155 0.0939395149611694 0.1813628673553467
 0.00156 0.09453579738096979 0.1816480159759521
 0.00157 0.09516193818797973 0.1837191581726074
 0.00158 0.09572856261622205 0.2061028480529785
 0.00159 0.09632563081476275 0.1595528125762939
 0.0016 0.09690804369252637 0.1589479446411133
 0.00161 0.09752265523266655 0.157059907913208
 0.00162 0.09812323953706233 0.1565568447113037
 0.00163 0.09870954029360846 0.1690821647644043
 0.00164 0.09933017584869147 0.1650941371917725
 0.00165 0.09988773260524737 0.1534240245819092
 0.00166 0.1005303629470034 0.1593561172485352
 0.00167 0.1011094236900222 0.1521718502044678
 0.00168 0.1016741356466452 0.1573150157928467
 0.00169 0.1022761201791857 0.1528110504150391
 0.0017 0.1028644835522217 0.1518387794494629
 0.00171 0.1034920789271366 0.1498439311981201
 0.00172 0.1041068160294808 0.1487150192260742
 0.00173 0.1046541484829702 0.1465308666229248
 0.00174 0.1052968204536736 0.1433060169219971
 0.00175 0.1058716406716181 0.1431238651275635
 0.00176 0.1064327084029671 0.1411170959472656
 0.00177 0.1070366344642512 0.1405429840087891
 0.00178 0.1076276347178237 0.1396620273590088
 0.00179 0.1082636071934358 0.1389510631561279
 0.0018 0.108828761458934 0.1405401229858398
 0.00181 0.109439756864307 0.1400651931762695
 0.00182 0.1100382807899444 0.1380579471588135
 0.00183 0.1106241314077146 0.1368179321289062
 0.00184 0.1111971070166088 0.139862060546875
 0.00185 0.1118190292759594 0.13863205909729
 0.00186 0.1124290017919525 0.1341190338134766
 0.00187 0.1129634784099175 0.1335408687591553
 0.00188 0.1136123334513186 0.13167405128479
 0.00189 0.1141853108199611 0.1324939727783203
 0.0019 0.1147455748901916 0.1306571960449219
 0.00191 0.1153589950374759 0.1311318874359131
 0.00192 0.1159606904038723 0.1293470859527588
 0.00193 0.1165504808700217 0.1285390853881836
 0.00194 0.1171281864247225 0.1271588802337646
 0.00195 0.1177624472167702 0.1287288665771484
 0.00196 0.1183161418775141 0.1265919208526611
 0.00197 0.1189274362945794 0.1266701221466064
 0.00198 0.1195273410705416 0.1280910968780518
 0.00199 0.1201156869630823 0.1245369911193848
 0.002 0.1206923048279157 0.1249518394470215
 0.00201 0.1212570256167368 0.1262819766998291
 0.00202 0.1218834626389096 0.1236350536346436
 0.00203 0.1224991099536345 0.1226849555969238
 0.00204 0.123028578120315 0.121150016784668
 0.00205 0.1236214411034795 0.1210219860076904
 0.00206 0.1242797289083225 0.1189949512481689
 0.00207 0.1248506331002583 0.1456959247589111
 0.00208 0.1254099558820232 0.1276469230651855
 0.00209 0.1260364515150824 0.1194870471954346
 0.0021 0.1265728838458678 0.119149923324585
 0.00211 0.1271776730200085 0.1308109760284424
 0.00212 0.1277717591027537 0.1501491069793701
 0.00213 0.1283549945842215 0.118506908416748
 0.00214 0.1290099111855917 0.1167349815368652
 0.00215 0.1295717668522486 0.1148209571838379
 0.00216 0.1301223332719816 0.1145980358123779
 0.00217 0.1307464434044603 0.115447998046875
 0.00218 0.1313605175980421 0.1164579391479492
 0.00219 0.1319644190330218 0.1149609088897705
 0.0022 0.1324706992081618 0.114210844039917
 0.00221 0.1331411567185188 0.1124780178070068
 0.00222 0.1337137196936225 0.1132440567016602
 0.00223 0.1342755633554298 0.1141519546508789
 0.00224 0.1348265512363087 0.1125459671020508
 0.00225 0.1354578127616917 0.1133580207824707
 0.00226 0.1360795477807915 0.110731840133667
 0.00227 0.1365987591539074 0.1096639633178711
 0.00228 0.13720025535836 0.1093540191650391
 0.00229 0.13779184371864 0.1081340312957764
 0.0023 0.1383733983849731 0.1103620529174805
 0.00231 0.1389447935695219 0.1082808971405029
 0.00232 0.139602847383903 0.1074879169464111
 0.00233 0.140154371261465 0.1078760623931885
 0.00234 0.1407939586250375 0.1063389778137207
 0.00235 0.1413251224008448 0.1051440238952637
 0.00236 0.1419457683684759 0.1049528121948242
 0.00237 0.1425571847458983 0.1065030097961426
 0.00238 0.1430573138016191 0.1043632030487061
 0.00239 0.1436490806382819 0.1038949489593506
 0.0024 0.1442312691678126 0.1032090187072754
 0.00241 0.1449082519705378 0.1035330295562744
 0.00242 0.1454717940981144 0.1027030944824219
 0.00243 0.1460254164971848 0.1031711101531982
 0.00244 0.1466760671674822 0.1021759510040283
 0.00245 0.1472103710087913 0.1019940376281738
 0.00246 0.147843210712434 0.1014001369476318
 0.00247 0.1483577506736694 0.1017980575561523
 0.00248 0.1489723478953158 0.1011991500854492
 0.00249 0.149578101441002 0.1009120941162109
 0.0025 0.1501749069758458 0.1024501323699951
 0.00251 0.1507626602144255 0.1042101383209229
 0.00252 0.1513412569191856 0.1005399227142334
 0.00253 0.1519105928989186 0.103863000869751
 0.00254 0.1524705640074629 0.1010050773620605
 0.00255 0.1530210661419654 0.09978294372558594
 0.00256 0.1536796618499689 0.1010141372680664
 0.00257 0.1542118196286058 0.09966087341308594
 0.00258 0.154853680586816 0.09784698486328125
 0.00259 0.1553670917359181 0.0971531867980957
 0.0026 0.1559918294269768 0.09692001342773438
 0.00261 0.1566083192031258 0.09769010543823242
 0.00262 0.157216467452056 0.09977912902832031
 0.00263 0.1578161806054893 0.1009929180145264
 0.00264 0.1582823617782795 0.09666895866394043
 0.00265 0.1589899275643784 0.09749698638916016
 0.00266 0.1595637744415284 0.1020998954772949
 0.00267 0.160128812363497 0.1033539772033691
 0.00268 0.1606849479623995 0.09375905990600586
 0.00269 0.161232087906439 0.0927891731262207
 0.0027 0.1619007852702319 0.09441089630126953
 0.00271 0.1624306066118987 0.09549093246459961
 0.00272 0.1629511559217846 0.09501385688781738
 0.00273 0.1635958532377276 0.0930640697479248
 0.00274 0.1642330166337582 0.09154605865478516
 0.00275 0.1647271231952082 0.09237408638000488
 0.00276 0.1653480015279113 0.0919029712677002
 0.00277 0.1659610938426924 0.09168601036071777
 0.00278 0.1665663173056174 0.09398889541625977
 0.00279 0.1671635891193538 0.09287095069885254
 0.0028 0.1676125093849443 0.09960198402404785
 0.00281 0.168333946787166 0.09433412551879883
 0.00282 0.1689068672203845 0.08873295783996582
 0.00283 0.1694715051602687 0.09003400802612305
 0.00284 0.1700277779762303 0.09081792831420898
 0.00285 0.1705756030675475 0.09102296829223633
 0.00286 0.1711148978626312 0.09073591232299805
 0.00287 0.1717928641948264 0.0882561206817627
 0.00288 0.172315859913116 0.09930109977722168
 0.00289 0.1729793856200447 0.09225082397460938
 0.0029 0.1734857659230768 0.09017682075500488
 0.00291 0.1741345483081008 0.08542990684509277
 0.00292 0.1746239970900904 0.08430814743041992
 0.00293 0.1752577337088137 0.09158015251159668
 0.00294 0.1758843479760138 0.1201000213623047
 0.00295 0.1763483237237469 0.114501953125
 0.00296 0.176959442378329 0.09124302864074707
 0.00297 0.1775632189506269 0.09270501136779785
 0.00298 0.1781595813777024 0.09355306625366211
 0.00299 0.1787484576259258 0.1263430118560791
 0.003 0.1793297756899478 0.1350159645080566
 0.00301 0.179903463591996 0.131904125213623
 0.00302 0.180469449380398 0.1782729625701904
 0.00303 0.1810276611291348 0.1338069438934326
 0.00304 0.1815780269365555 0.1023287773132324
 0.00305 0.1822864157260455 0.09755396842956543
 0.00306 0.1828219423583029 0.09886980056762695
 0.00307 0.1833494108855908 0.0989220142364502
 0.00308 0.183868749498671 0.09043598175048828
 0.00309 0.1845501184631757 0.09088301658630371
 0.0031 0.1850540638119432 0.09088516235351562
 0.00311 0.1857220640948086 0.09096407890319824
 0.00312 0.1862103428078447 0.09063196182250977
 0.00313 0.1868647146262725 0.1002891063690186
 0.00314 0.1875127212548818 0.09228801727294922
 0.00315 0.1879775372832397 0.09152698516845703
 0.00316 0.1886115295122495 0.09221982955932617
 0.00317 0.1892389687272066 0.0972440242767334
 0.00318 0.1896797181759437 0.09646987915039062
 0.00319 0.1902927574862881 0.09098291397094727
 0.0032 0.1908990561798888 0.09775304794311523
 0.00321 0.1914985528866054 0.09056997299194336
 0.00322 0.1920911862602582 0.1143910884857178
 0.00323 0.1926768949778584 0.09423398971557617
 0.00324 0.1932556177385443 0.08864808082580566
 0.00325 0.1938272932628991 0.1054089069366455
 0.00326 0.194391860292373 0.0996239185333252
 0.00327 0.1949492575882771 0.09682416915893555
 0.00328 0.1954994239308275 0.1021280288696289
 0.00329 0.1960422981187859 0.1034629344940186
 0.0033 0.1965778189684257 0.1056311130523682
 0.00331 0.1973006877695828 0.08915495872497559
 0.00332 0.1978224719317979 0.09420585632324219
 0.00333 0.1983367227067487 0.09219884872436523
 0.00334 0.1990416081844932 0.09244990348815918
 0.00335 0.1995417724902267 0.0845029354095459
 0.00336 0.2000342235146731 0.08749198913574219
 0.00337 0.2007206264873274 0.08481287956237793
 0.00338 0.2011986415866289 0.08512997627258301
 0.00339 0.201872836849125 0.08660411834716797
 0.0034 0.2023361854829795 0.09001493453979492
 0.00341 0.2029979560311339 0.09330296516418457
 0.00342 0.2036540243986977 0.09513306617736816
 0.00343 0.2040955367698293 0.1019480228424072
 0.00344 0.2047388585526813 0.1010661125183105
 0.00345 0.2053763223101722 0.09386396408081055
 0.00346 0.2057954906281817 0.1207590103149414
 0.00347 0.2064198862656688 0.153048038482666
 0.00348 0.2070382682106564 0.1050560474395752
 0.00349 0.2076505857207656 0.1029829978942871
 0.0035 0.2082567880736067 0.1131930351257324
 0.00351 0.2088568245659556 0.1078689098358154
 0.00352 0.2092310045401655 0.09140110015869141
 0.00353 0.2098173374781373 0.1111481189727783
 0.00354 0.210397349202163 0.1091578006744385
 0.00355 0.2109709890753556 0.07990384101867676
 0.00356 0.211538206476751 0.07888603210449219
 0.00357 0.2120989508009148 0.07779502868652344
 0.00358 0.2128801805996965 0.07779908180236816
 0.00359 0.2134290669919456 0.07956194877624512
 0.0036 0.2139713319554472 0.07834291458129883
 0.00361 0.2145069249442984 0.07991790771484375
 0.00362 0.215035795425175 0.09647488594055176
 0.00363 0.2155578928764446 0.0776212215423584
 0.00364 0.2163076603415549 0.08512496948242188
 0.00365 0.2168173204493551 0.1020209789276123
 0.00366 0.2173200594315758 0.07659792900085449
 0.00367 0.2180541047691855 0.08985090255737305
 0.00368 0.2185441204637401 0.07654500007629395
 0.00369 0.2190270670471814 0.07568907737731934
 0.0037 0.2197449866274572 0.07528901100158691
 0.00371 0.2202149242233158 0.07661104202270508
 0.00372 0.2209222949298396 0.07577896118164062
 0.00373 0.2213790354546847 0.07653999328613281
 0.00374 0.2218284615760508 0.07291698455810547
 0.00375 0.2225190380912535 0.08002185821533203
 0.00376 0.2232047871877945 0.07878303527832031
 0.00377 0.2236345697021328 0.08094906806945801
 0.00378 0.2243092463126452 0.07572102546691895
 0.00379 0.2247252680573892 0.07569408416748047
 0.0038 0.2253886978799801 0.07397890090942383
 0.00381 0.2260470923300651 0.08588099479675293
 0.00382 0.2264427799474303 0.0783998966217041
 0.003830000000000001 0.2270896696859068 0.07589197158813477
 0.003840000000000001 0.22773140012478 0.07653903961181641
 0.00385 0.2281063417091254 0.08349394798278809
 0.00386 0.2287363097445052 0.1021699905395508
 0.00387 0.2293609946831673 0.09399795532226562
 0.00388 0.2299803563857243 0.08004403114318848
 0.00389 0.2305943547281372 0.0771629810333252
 0.0039 0.2312029496014961 0.08069801330566406
 0.00391 0.2315365132667138 0.09525108337402344
 0.003920000000000001 0.2321328376982626 0.08908295631408691
 0.00393 0.2327236350966818 0.08936691284179688
 0.00394 0.2333088654036543 0.08818602561950684
 0.00395 0.2338884885733177 0.09040212631225586
 0.00396 0.2344624645721578 0.09012389183044434
 0.00397 0.2350307533782569 0.09163093566894531
 0.00398 0.2355933149808412 0.08550000190734863
 0.00399 0.2361501093797429 0.1135029792785645
 0.004 0.2367010965851921 0.09107398986816406
 0.004010000000000001 0.2372462366172065 0.1327989101409912
 0.00402 0.2377854895050766 0.07105112075805664
 0.004030000000000001 0.2386047421043328 0.07293391227722168
 0.00404 0.2391334842471511 0.07234597206115723
 0.004050000000000001 0.2396562227643461 0.0713198184967041
 0.00406 0.2401729177224477 0.07544302940368652
 0.004070000000000001 0.2406835291955955 0.07480597496032715
 0.00408 0.2411880172646216 0.07354879379272461
 0.004090000000000001 0.2419806087388394 0.07295083999633789
 0.0041 0.2424741339065959 0.06800293922424316
 0.00411 0.2429614193543672 0.07009315490722656
 0.00412 0.2437409012293643 0.0707550048828125
 0.00413 0.2442170013197145 0.06177115440368652
 0.00414 0.2446867454467344 0.06182312965393066
 0.00415 0.2454528090343221 0.06484198570251465
 0.004160000000000001 0.2459111455239069 0.0651400089263916
 0.00417 0.2463630098681608 0.06097793579101562
 0.004180000000000001 0.2471153468367655 0.05985617637634277
 0.00419 0.2475555814171764 0.05980706214904785
 0.004200000000000001 0.247989227721295 0.06069779396057129
 0.00421 0.2487275300611276 0.05920505523681641
 0.004220000000000001 0.249149324606687 0.06046390533447266
 0.00423 0.2498785776504393 0.0604560375213623
 0.004240000000000001 0.2502883747751008 0.05992794036865234
 0.00425 0.251008446195192 0.0594480037689209
 0.004260000000000001 0.2514061002918695 0.05917692184448242
 0.00427 0.25211685785217 0.05885720252990723
 0.00428 0.2528236341689113 0.0617978572845459
 0.00429 0.2532035349124002 0.05990099906921387
 0.0043 0.2539008024502394 0.06913518905639648
 0.00431 0.2542681997892152 0.06132292747497559
 0.00432 0.2549558265228282 0.06104397773742676
 0.004330000000000001 0.2556393167740263 0.05786609649658203
 0.00434 0.2559884289798756 0.05778193473815918
 0.004350000000000001 0.2566620838208424 0.05813789367675781
 0.00436 0.2573315098202322 0.05695986747741699
 0.004370000000000001 0.2576620200856332 0.05667304992675781
 0.00438 0.2583214162354508 0.05705809593200684
 0.004390000000000001 0.2589764912860497 0.05718278884887695
 0.0044 0.2592880829292389 0.05627608299255371
 0.004410000000000001 0.2599329338377431 0.05610203742980957
 0.00442 0.2605733714810022 0.056121826171875
 0.004430000000000001 0.2612093662352579 0.05513811111450195
 0.00444 0.2618408884888161 0.05646610260009766
 0.00445 0.2621212612419393 0.0592958927154541
 0.00446 0.2627422402858898 0.07015299797058105
 0.00447 0.2633586548046305 0.1159341335296631
 0.00448 0.2639704752265793 0.07579302787780762
 0.00449 0.2645776719906785 0.06518292427062988
 0.004500000000000001 0.2651802155459138 0.06501603126525879
 0.00451 0.2657780763512932 0.0633540153503418
 0.004520000000000001 0.2663712248748504 0.06293201446533203
 0.00453 0.2669596315940155 0.06638407707214355
 0.004540000000000001 0.2671828978238768 0.06862497329711914
 0.00455 0.2677601932462404 0.0668799877166748
 0.004560000000000001 0.2683326550417696 0.06827902793884277
 0.00457 0.2689002537157885 0.1249270439147949
 0.004580000000000001 0.2694629597811348 0.1484470367431641
 0.00459 0.2700207437576296 0.07602691650390625
 0.004600000000000001 0.2705735761721755 0.08091616630554199
 0.00461 0.2711214275579601 0.06365108489990234
 0.00462 0.2716642684545997 0.0642399787902832
 0.00463 0.2725764104075281 0.06528878211975098
 0.00464 0.2731107110571993 0.06380915641784668
 0.00465 0.2736399162215356 0.06319808959960938
 0.00466 0.2741639964669028 0.08742380142211914
 0.004670000000000001 0.2746829223643745 0.06769180297851562
 0.00468 0.2751966644892327 0.06575107574462891
 0.004690000000000001 0.2757051934210831 0.06527614593505859
 0.0047 0.2762084797433818 0.06591296195983887
 0.004710000000000001 0.2770934591588105 0.07254886627197266
 0.00472 0.2775877678623401 0.07852721214294434
 0.004730000000000001 0.2780767491170711 0.1011390686035156
 0.00474 0.2785603735237168 0.1509759426116943
 0.004750000000000001 0.2790386116855836 0.1160299777984619
 0.00476 0.2795114342081625 0.1136348247528076
 0.004770000000000001 0.280375378715888 0.1411001682281494
 0.00478 0.2808388978397045 0.1282141208648682
 0.00479 0.281296916569758 0.08920598030090332
 0.0048 0.2817494055225456 0.09036993980407715
 0.00481 0.2825993620640602 0.1527221202850342
 0.00482 0.2830423328853939 0.09891986846923828
 0.00483 0.2834796892199858 0.06006312370300293
 0.004840000000000001 0.284319301680441 0.05859088897705078
 0.00485 0.2847469806240094 0.0574798583984375
 0.004860000000000001 0.2851689604004465 0.05799698829650879
 0.00487 0.2859980145728042 0.06564617156982422
 0.004880000000000001 0.2864101577947285 0.05847787857055664
 0.00489 0.2868165171911886 0.06093001365661621
 0.004900000000000001 0.2876347991203321 0.05987191200256348
 0.00491 0.2880311628804932 0.05847287178039551
 0.004920000000000001 0.2888426897612772 0.05876708030700684
 0.00493 0.2892289541325903 0.05910801887512207
 0.004940000000000001 0.2896092947741445 0.05937695503234863
 0.00495 0.2904096965000302 0.05768609046936035
 0.00496 0.290779778786111 0.06102800369262695
 0.00497 0.2915731956517689 0.06159400939941406
 0.00498 0.2919329159110081 0.06339287757873535
 0.004990000000000001 0.2927192573649773 0.06278419494628906
 0.005 0.2930685119553706 0.05676412582397461
 0.005010000000000001 0.2938476875166311 0.05568909645080566
 0.00502 0.2941863728216896 0.0590980052947998
 0.005030000000000001 0.2949582920753513 0.05681395530700684
 0.00504 0.2952863045004145 0.05702304840087891
 0.005050000000000001 0.2960508770938369 0.05696415901184082
 0.00506 0.2963681130621416 0.05685615539550781
 0.005070000000000001 0.2971252487006528 0.05755090713500977
 0.00508 0.2974316046497555 0.05659317970275879
 0.005090000000000001 0.2981812130928306 0.05537796020507812
 0.0051 0.2984765854712708 0.05614781379699707
 0.005110000000000001 0.2992185765284284 0.05855798721313477
 0.00512 0.2999575745011184 0.05687093734741211
 0.00513 0.3002371453191468 0.05675792694091797
 0.00514 0.3009683939289642 0.05767297744750977
 0.00515 0.3016965882255092 0.05995678901672363
 0.005160000000000001 0.3019601349996744 0.06753993034362793
 0.00517 0.3026804480817024 0.06336498260498047
 0.005180000000000001 0.3029326041482992 0.06215214729309082
 0.00519 0.3036449460101115 0.06202793121337891
 0.005200000000000001 0.3043541306813822 0.06822085380554199
 0.00521 0.3045898885066181 0.08774399757385254
 0.005220000000000001 0.3052909702752648 0.07852792739868164
 0.00523 0.3059888338314199 0.07483506202697754
 0.005240000000000001 0.3066834598724621 0.07617402076721191
 0.00525 0.3068976000928281 0.09595203399658203
 0.005260000000000001 0.3075839499897238 0.08177614212036133
 0.00527 0.3082670014450667 0.08020997047424316
 0.005280000000000001 0.3084642280806735 0.09848403930664062
 0.00529 0.3091388719161809 0.08187413215637207
 0.0053 0.3098101564439095 0.06126499176025391
 0.00531 0.31047806242324 0.05766606330871582
 0.00532 0.3111425706229053 0.05584192276000977
 0.005330000000000001 0.3113123179988742 0.05440998077392578
 0.00534 0.3119682040380779 0.05344891548156738
 0.005350000000000001 0.3126206315303162 0.05426907539367676
 0.00536 0.3132695812750166 0.0554349422454834
 0.005370000000000001 0.3139150340801943 0.05367898941040039
 0.00538 0.3140567082038414 0.05640816688537598
 0.005390000000000001 0.314693324507565 0.05545186996459961
 0.0054 0.3153263831872669 0.05608892440795898
 0.005410000000000001 0.3159558650773761 0.0550529956817627
 0.00542 0.3165817510198417 0.06220507621765137
 0.005430000000000001 0.3172040218638483 0.05636310577392578
 0.00544 0.317311593115933 0.05759596824645996
 0.005450000000000001 0.3179247717996177 0.05780887603759766
 0.00546 0.3185342747829428 0.05942106246948242
 0.00547 0.3191400829366671 0.05882906913757324
 0.00548 0.3197421771379215 0.06198000907897949
 0.00549 0.3203405382699454 0.0707099437713623
 0.005500000000000001 0.3209351472219192 0.06463003158569336
 0.00551 0.3215259848888166 0.06344103813171387
 0.005520000000000001 0.3221130321708993 0.06525993347167969
 0.00553 0.3226962699740378 0.05971097946166992
 0.005540000000000001 0.3232756792090966 0.0618138313293457
 0.00555 0.3238512407920346 0.09093499183654785
 0.005560000000000001 0.3244229356434162 0.06355810165405273
 0.00557 0.3249907446884279 0.0617520809173584
 0.005580000000000001 0.3255546488567704 0.05279684066772461
 0.00559 0.3261146290822329 0.05756306648254395
 0.005600000000000001 0.3261302909756024 0.05585789680480957
 0.00561 0.3266805094305694 0.05604815483093262
 0.005620000000000001 0.3277708354989236 0.05768799781799316
 0.00563 0.3283149293690208 0.0621330738067627
 0.00564 0.3288550040221133 0.06316709518432617
 0.005650000000000001 0.3293910404135126 0.06260800361633301
 0.00566 0.3299230195015003 0.06478714942932129
 0.005670000000000001 0.3304509222470734 0.06183505058288574
 0.00568 0.3309747296139347 0.06054902076721191
 0.005690000000000001 0.3314944225680279 0.06012797355651855
 0.0057 0.3320099820778015 0.05722308158874512
 0.005710000000000001 0.3325213891137249 0.05480384826660156
 0.00572 0.3330286246481125 0.05041790008544922
 0.005730000000000001 0.3335316696553499 0.0505518913269043
 0.00574 0.3340305051111788 0.04876112937927246
 0.005750000000000001 0.3345251119929204 0.04784488677978516
 0.00576 0.3350154712791712 0.04971981048583984
 0.005770000000000001 0.3355015639499179 0.05200004577636719
 0.00578 0.3365576148892061 0.05099821090698242
 0.005790000000000001 0.3370370334616125 0.05426502227783203
 0.0058 0.3375121317406222 0.04973697662353516
 0.00581 0.3379828907142444 0.04968404769897461
 0.005820000000000001 0.3384492913708055 0.05219602584838867
 0.00583 0.3389113146988277 0.05202698707580566
 0.005840000000000001 0.3393689416871826 0.05212783813476562
 0.00585 0.3404098199374626 0.05277180671691895
 0.005860000000000001 0.3408605367696603 0.05295896530151367
 0.00587 0.3413068036408393 0.0546729564666748
 0.005880000000000001 0.3417486015435233 0.054534912109375
 0.00589 0.3421859114696678 0.05478811264038086
 0.005900000000000001 0.3426187144106754 0.0504150390625
 0.00591 0.3436462820566297 0.05005311965942383
 0.005920000000000001 0.3440719737391966 0.04950284957885742
 0.00593 0.3444931048475418 0.05022597312927246
 0.005940000000000001 0.3449096563733247 0.05072593688964844
 0.00595 0.3453216093070197 0.05057692527770996
 0.005960000000000001 0.3463380015383499 0.04519319534301758
 0.00597 0.3467426768990016 0.04530096054077148
 0.00598 0.347142700095703 0.04359602928161621
 0.005990000000000001 0.3475380521167066 0.04626703262329102
 0.006 0.3485456292192199 0.04392099380493164
 0.006010000000000001 0.3489335720398808 0.04500102996826172
 0.00602 0.3493167901221771 0.04361414909362793
 0.006030000000000001 0.349695264450025 0.04454398155212402
 0.00604 0.3506938019168401 0.04479193687438965
 0.006050000000000001 0.3510647355051614 0.04338502883911133
 0.00606 0.3514308717789281 0.04333686828613281
 0.006070000000000001 0.3524229668696585 0.04353094100952148
 0.00608 0.3527814654703511 0.04369902610778809
 0.006090000000000001 0.3531351131975896 0.04482197761535645
 0.0061 0.3541206443709472 0.04442191123962402
 0.006110000000000001 0.3544665575401502 0.04391193389892578
 0.00612 0.3548075662748812 0.04340291023254395
 0.006130000000000001 0.3551436515421778 0.04334497451782227
 0.00614 0.3561195895197035 0.04330992698669434
 0.00615 0.3564478088507277 0.04291296005249023
 0.006160000000000001 0.3567710511406265 0.04366707801818848
 0.00617 0.3577401394618455 0.04314494132995605
 0.006180000000000001 0.3580554190020978 0.0411078929901123
 0.00619 0.3590205310924167 0.04212594032287598
 0.006200000000000001 0.3593277856336388 0.04283404350280762
 0.00621 0.3596299750094559 0.04173088073730469
 0.006220000000000001 0.3605880388737177 0.04132604598999023
 0.00623 0.3608821064831322 0.04350113868713379
 0.006240000000000001 0.361171055324024 0.04196691513061523
 0.00625 0.3621219502889002 0.04241514205932617
 0.006260000000000001 0.3624026806072888 0.04150080680847168
 0.00627 0.3633493944615294 0.04156303405761719
 0.006280000000000001 0.3636218440658088 0.04205679893493652
 0.00629 0.3638890867208304 0.04105305671691895
 0.006300000000000001 0.3648284338297815 0.04206299781799316
 0.006310000000000001 0.3650872990290751 0.04254698753356934
 0.00632 0.3660223381032424 0.04145288467407227
 0.006330000000000001 0.3662727636771022 0.04264187812805176
 0.00634 0.367203445160261 0.04159688949584961
 0.006350000000000001 0.3674453689486512 0.04111790657043457
 0.00636 0.3676819629711611 0.04081583023071289
 0.006370000000000001 0.3686050031907908 0.04028105735778809
 0.00638 0.3688329986819204 0.04158210754394531
 0.006390000000000001 0.3697515548104164 0.04039692878723145
 0.0064 0.3699708896142728 0.04118204116821289
 0.006410000000000001 0.3708849122695452 0.04100322723388672
 0.00642 0.3710955242332039 0.04034090042114258
 0.006430000000000001 0.372004964081556 0.04154801368713379
 0.00644 0.3722067910528846 0.04115390777587891
 0.006450000000000001 0.3731115988072897 0.04104304313659668
 0.00646 0.3733045786330869 0.04119706153869629
 0.006470000000000001 0.3742047050510335 0.04066586494445801
 0.006480000000000001 0.3743887755752356 0.03942584991455078
 0.00649 0.375284171456613 0.04010796546936035
 0.006500000000000001 0.3754592705184452 0.04007101058959961
 0.00651 0.3763498867035663 0.03932809829711914
 0.006520000000000001 0.3765159521357588 0.03971195220947266
 0.00653 0.3774017395034088 0.04152703285217285
 0.006540000000000001 0.3775587091305909 0.03818511962890625
 0.00655 0.3784396185958466 0.0408179759979248
 0.006560000000000001 0.378587430232951 0.04485917091369629
 0.00657 0.3794634127452819 0.0467979907989502
 0.006580000000000001 0.3796020041957122 0.04080510139465332
 0.00659 0.3804730107370652 0.04009699821472168
 0.006600000000000001 0.3806023197913796 0.03921699523925781
 0.00661 0.3814683013740443 0.03923296928405762
 0.006620000000000001 0.3823328007345674 0.04052305221557617
 0.00663 0.3824491734732535 0.04018306732177734
 0.006640000000000001 0.383308577457901 0.03963804244995117
 0.006650000000000001 0.3834155158624323 0.04008197784423828
 0.00666 0.3842697755643535 0.04248309135437012
 0.006670000000000001 0.3851225006615913 0.03876590728759766
 0.00668 0.3852162839129166 0.03925704956054688
 0.006690000000000001 0.386063794455098 0.03924798965454102
 0.0067 0.3861479913649495 0.03983807563781738
 0.006710000000000001 0.3869902385142352 0.04146289825439453
 0.00672 0.3870647867814681 0.03979301452636719
 0.006730000000000001 0.3879017217187763 0.03945612907409668
 0.00674 0.3887370485247512 0.03827285766601562
 0.006750000000000001 0.3887981329433451 0.03822612762451172
 0.00676 0.3896280774310769 0.03812718391418457
 0.006770000000000001 0.3904563830804195 0.03946185111999512
 0.00678 0.3905038744573698 0.0393829345703125
 0.006790000000000001 0.3913267277542413 0.03846096992492676
 0.0068 0.3913643284719651 0.03793501853942871
 0.006810000000000001 0.3921816806815755 0.04070615768432617
 0.006820000000000001 0.3929973421748365 0.05919408798217773
 0.00683 0.3930211307254516 0.04245805740356445
 0.006840000000000001 0.3938312211908697 0.03878188133239746
 0.00685 0.3946395903876891 0.0381019115447998
 0.006860000000000001 0.3946494374673752 0.03855180740356445
 0.00687 0.3954521657519737 0.03740501403808594
 0.006880000000000001 0.3962531422706281 0.0380558967590332
 0.00689 0.3962489185257438 0.03815317153930664
 0.006900000000000001 0.3970441842982621 0.03843402862548828
 0.00691 0.3978376678597847 0.03749799728393555
 0.006920000000000001 0.3978192438796733 0.03694701194763184
 0.00693 0.3986069469056439 0.03718018531799316
 0.006940000000000001 0.3993928373253835 0.03977394104003906
 0.00695 0.4001769058797098 0.03860998153686523
 0.006960000000000001 0.4001401237690466 0.03816413879394531
 0.006970000000000001 0.4009183209479183 0.03818297386169434
 0.006980000000000001 0.4016946659337149 0.03823614120483398
 0.006990000000000001 0.4016433851785229 0.03693795204162598
 0.007 0.4024137890950262 0.03859305381774902
 0.007010000000000001 0.4031823105341117 0.03854203224182129
 0.00702 0.4039489402861153 0.03738498687744141
 0.007030000000000001 0.4038789121992757 0.0387570858001709
 0.00704 0.4046395101800925 0.03857612609863281
 0.007050000000000001 0.4053981862490473 0.0381309986114502
 0.00706 0.4053133607362652 0.03720903396606445
 0.007070000000000001 0.4060659354059277 0.03769493103027344
 0.00708 0.4068165579760282 0.0393059253692627
 0.007090000000000001 0.4075652192816782 0.03812098503112793
 0.0071 0.4074612567601099 0.03766202926635742
 0.007110000000000001 0.4082037260636428 0.0365149974822998
 0.00712 0.408944203966559 0.03731608390808105
 0.007130000000000001 0.4096826813283859 0.03763079643249512
 0.007140000000000001 0.4095593610954683 0.03560018539428711
 0.007150000000000001 0.4102915558992974 0.03576493263244629
 0.007160000000000001 0.4110217200728624 0.03729510307312012
 0.00717 0.4117498444986125 0.03746294975280762
 0.007180000000000001 0.4124759200659517 0.03674411773681641
 0.00719 0.4123286970087857 0.0368340015411377
 0.007200000000000001 0.4130483785612273 0.0366511344909668
 0.00721 0.4137659812232731 0.03614902496337891
 0.007220000000000001 0.4144814959054688 0.03635191917419434
 0.00723 0.4151949135248985 0.03663396835327148
 0.007240000000000001 0.4150234519539927 0.03602695465087891
 0.00725 0.4157303641656379 0.03601598739624023
 0.007260000000000001 0.4164351493328473 0.03540420532226562
 0.00727 0.4171377983922232 0.03708195686340332
 0.007280000000000001 0.4178383022865215 0.03726410865783691
 0.00729 0.4176422661359754 0.03592896461486816
 0.007300000000000001 0.4183361532707761 0.03570318222045898
 0.007310000000000001 0.4190278653023445 0.03697109222412109
 0.007320000000000001 0.4197173931911063 0.03598499298095703
 0.007330000000000001 0.4204047279031591 0.03566408157348633
 0.00734 0.4210898604102432 0.03670191764831543
 0.007350000000000001 0.4208643873055528 0.03728222846984863
 0.00736 0.4215427708481847 0.03665018081665039
 0.007370000000000001 0.422218922295186 0.03593802452087402
 0.00738 0.4228928326339899 0.03573393821716309
 0.007390000000000001 0.423564492857226 0.03567814826965332
 0.0074 0.4242338939626243 0.03579807281494141
 0.007410000000000001 0.4239785082453842 0.03467607498168945
 0.00742 0.4246410282030878 0.03501200675964355
 0.007430000000000001 0.4253012591904717 0.03663301467895508
 0.00744 0.4259591922189807 0.03582501411437988
 0.007450000000000001 0.4266148183048123 0.03492879867553711
 0.00746 0.4272681284688307 0.03567886352539062
 0.007470000000000001 0.4279191137363483 0.03568696975708008
 0.007480000000000001 0.4276286504943687 0.03506278991699219
 0.007490000000000001 0.4282726015685693 0.03532505035400391
 0.007500000000000001 0.4289141979301331 0.03531098365783691
 0.00751 0.4295534306158239 0.03643202781677246
 0.007520000000000001 0.4301902906667301 0.03470110893249512
 0.00753 0.4308247691278136 0.03500604629516602
 0.007540000000000001 0.4314568570481383 0.03618192672729492
 0.00755 0.4320865454808533 0.03536391258239746
 0.007560000000000001 0.4327138254826821 0.03553009033203125
 0.00757 0.4333386881143678 0.03656697273254395
 0.007580000000000001 0.4329981079116537 0.03582406044006348
 0.00759 0.4336157207307085 0.03594207763671875
 0.007600000000000001 0.4342308864030154 0.0356898307800293
 0.00761 0.4348435959974509 0.03575396537780762
 0.007620000000000001 0.4354538405863904 0.03631281852722168
 0.00763 0.4360616112454483 0.03659915924072266
 0.007640000000000001 0.4366668990535066 0.03539800643920898
 0.007650000000000001 0.4372696950926886 0.03554892539978027
 0.007660000000000001 0.4378699904481322 0.03589606285095215
 0.007670000000000001 0.4384677762080249 0.03645110130310059
 0.007680000000000001 0.4390630434636054 0.03560805320739746
 0.007690000000000001 0.439655783308793 0.03558993339538574
 0.0077 0.4392539047375087 0.03736209869384766
 0.007710000000000001 0.4398391373111937 0.03404998779296875
 0.00772 0.4404218127189163 0.03424787521362305
 0.007730000000000001 0.4410019220593387 0.03383398056030273
 0.00774 0.4415794564336388 0.03418588638305664
 0.007750000000000001 0.4421544069455335 0.03507900238037109
 0.00776 0.4427267647009694 0.03438711166381836
 0.007770000000000001 0.4432965208083028 0.03377699851989746
 0.00778 0.4438636663780406 0.0333409309387207
 0.007790000000000001 0.4444281925228993 0.0343930721282959
 0.007800000000000001 0.4449900903576599 0.03332090377807617
 0.007810000000000001 0.4455493509991582 0.03440403938293457
 0.007820000000000001 0.446105965566014 0.03656291961669922
 0.00783 0.4466599251789781 0.03397893905639648
 0.007840000000000001 0.4472112209604091 0.03393316268920898
 0.007850000000000001 0.447759844034497 0.03467893600463867
 0.007860000000000001 0.4483057855271136 0.0344688892364502
 0.00787 0.4488490365655411 0.03421187400817871
 0.00788 0.4493895882789237 0.03354096412658691
 0.007890000000000001 0.4499274317975119 0.0337369441986084
 0.007900000000000001 0.4504625582533075 0.0356440544128418
 0.00791 0.4509949587793093 0.03488993644714355
 0.00792 0.451524624510038 0.03370189666748047
 0.007930000000000001 0.4520515465809882 0.03449583053588867
 0.007940000000000001 0.4525757161289811 0.03442001342773438
 0.00795 0.4530971242918117 0.0333561897277832
 0.00796 0.4536157622082427 0.0345299243927002
 0.007970000000000001 0.4541316210180097 0.03403806686401367
 0.007980000000000001 0.4546446918617609 0.0328061580657959
 0.007990000000000001 0.4551549658808433 0.03363418579101562
 0.008 0.4556624342175157 0.03544807434082031
 0.008010000000000001 0.4561670880144612 0.03281617164611816
 0.008020000000000001 0.4566689184151938 0.03355503082275391
 0.008030000000000001 0.4571679165637334 0.03528118133544922
 0.00804 0.4576640736045766 0.03394603729248047
 0.00805 0.4581573806826432 0.03384900093078613
 0.008060000000000001 0.4586478289431833 0.03414011001586914
 0.008070000000000001 0.4591354095318743 0.03406715393066406
 0.00808 0.4596201135945744 0.03398895263671875
 0.00809 0.4601019322772673 0.03342103958129883
 0.008100000000000001 0.4605808567262523 0.0353538990020752
 0.008110000000000001 0.4610568780877565 0.0367889404296875
 0.00812 0.4615299875080963 0.03502202033996582
 0.00813 0.462000176133507 0.03569602966308594
 0.008140000000000001 0.4624674351101757 0.03602290153503418
 0.008150000000000001 0.4629317555840984 0.03457283973693848
 0.008160000000000001 0.4633931287011946 0.03464794158935547
 0.00817 0.4649610383199112 0.03484892845153809
 0.008180000000000002 0.4654190660049419 0.03416705131530762
 0.008190000000000001 0.465874123102133 0.03478908538818359
 0.008200000000000001 0.4663262007614889 0.03478384017944336
 0.00821 0.4667752901322664 0.0354759693145752
 0.00822 0.4672213823633464 0.03647494316101074
 0.008230000000000001 0.4676644686030302 0.03612709045410156
 0.008240000000000001 0.4681045399987673 0.03543710708618164
 0.00825 0.468541587697539 0.03569483757019043
 0.00826 0.4689756028453587 0.03558802604675293
 0.008270000000000001 0.4694065765876816 0.03644585609436035
 0.008280000000000001 0.4698345000689769 0.03705596923828125
 0.00829 0.4702593644328331 0.03594207763671875
 0.0083 0.4718241175433038 0.03586411476135254
 0.008310000000000001 0.4722454555438791 0.03563499450683594
 0.008320000000000001 0.4726637112580268 0.03570795059204102
 0.008330000000000001 0.4730788758302231 0.03548192977905273
 0.00834 0.4734909404037858 0.03550982475280762
 0.008350000000000002 0.4738998961209328 0.0355989933013916
 0.008360000000000001 0.4743057341225326 0.03712105751037598
 0.008370000000000001 0.474708445548166 0.03726482391357422
 0.00838 0.4751080215362442 0.03573107719421387
 0.00839 0.475504453223701 0.03525280952453613
 0.008400000000000001 0.4758977317461127 0.03608894348144531
 0.008410000000000001 0.4774594965675678 0.03592395782470703
 0.00842 0.4778490972391 0.03573799133300781
 0.00843 0.4782355216076483 0.03658199310302734
 0.008440000000000001 0.4786187608071316 0.03662705421447754
 0.008450000000000001 0.4789988059700118 0.03664684295654297
 0.008460000000000001 0.4793756482269665 0.03649306297302246
 0.00847 0.4797492787070347 0.03671813011169434
 0.008480000000000001 0.4801196885375176 0.0370171070098877
 0.008490000000000001 0.4816795432420074 0.03663396835327148
 0.008500000000000001 0.4820461670041041 0.03676295280456543
 0.00851 0.4824095469934772 0.0373389720916748
 0.008520000000000002 0.4827696743340981 0.03595995903015137
 0.008530000000000001 0.483126540148179 0.0360419750213623
 0.008540000000000001 0.4834801355557932 0.03646588325500488
 0.00855 0.4838304516751887 0.0359799861907959
 0.00856 0.4853886777486137 0.03682804107666016
 0.008570000000000001 0.4857351140954658 0.03664684295654297
 0.008580000000000001 0.4860782480374692 0.0355989933013916
 0.00859 0.4864180706881488 0.0368039608001709
 0.0086 0.486754573158849 0.03646183013916016
 0.008610000000000001 0.4870877465588192 0.03628802299499512
 0.008620000000000001 0.4874175819950674 0.03756618499755859
 0.008630000000000001 0.4889739472515598 0.03608608245849609
 0.00864 0.4892998094113247 0.03617191314697266
 0.008650000000000001 0.4896223104891417 0.03536105155944824
 0.008660000000000001 0.4899414415861102 0.03574490547180176
 0.008670000000000001 0.4902571938009384 0.03652000427246094
 0.00868 0.490569558229997 0.03591299057006836
 0.008690000000000002 0.4921244881942691 0.03625321388244629
 0.008700000000000001 0.4924328002194813 0.03551721572875977
 0.008710000000000001 0.4927377013359962 0.03637099266052246
 0.00872 0.4930391826332804 0.0352778434753418
 0.00873 0.4933372351982064 0.0353400707244873
 0.008740000000000001 0.4936318501153134 0.03599095344543457
 0.008750000000000001 0.4951851800063108 0.0361170768737793
 0.00876 0.4954756635109615 0.03656196594238281
 0.00877 0.4957626862345108 0.03573894500732422
 0.008780000000000001 0.4960462392534909 0.03575491905212402
 0.008790000000000001 0.496326313641963 0.03512120246887207
 0.008800000000000001 0.4966029004712906 0.0349280834197998
 0.00881 0.4981544667249176 0.0355689525604248
 0.008820000000000001 0.4984268432274214 0.03508996963500977
 0.008830000000000001 0.4986957090219807 0.03472304344177246
 0.008840000000000001 0.4989610551711495 0.03646206855773926
 0.00885 0.4992228727350366 0.03566193580627441
 0.008860000000000002 0.5007732503470858 0.03480696678161621
 0.008870000000000001 0.5010307929598002 0.03683209419250488
 0.008880000000000001 0.5012847838246612 0.03584790229797363
 0.00889 0.5015352139920821 0.03505992889404297
 0.0089 0.501782074510138 0.03573393821716309
 0.008910000000000001 0.5033311543485208 0.03515195846557617
 0.008920000000000001 0.5035736753522004 0.03519201278686523
 0.00893 0.5038126035265781 0.03583002090454102
 0.00894 0.5040479299094963 0.03481006622314453
 0.008950000000000001 0.505596382571656 0.03429007530212402
 0.008960000000000001 0.5058273191525751 0.03398013114929199
 0.008970000000000001 0.5060546307494441 0.03462815284729004
 0.00898 0.5062783083895946 0.03453207015991211
 0.008990000000000001 0.5064983430975988 0.03497004508972168
 0.009000000000000001 0.5080453050541821 0.03390884399414062
 0.009010000000000001 0.5082608854892695 0.03428912162780762
 0.00902 0.5084727997764206 0.0339818000793457
 0.009030000000000002 0.5086810389291405 0.03433012962341309
 0.009040000000000001 0.5102272232673722 0.03558111190795898
 0.009050000000000001 0.5104309579446664 0.03298521041870117
 0.00906 0.5106309942542735 0.03443098068237305
 0.00907 0.510827323198312 0.03524518013000488
 0.009080000000000001 0.5110199357765989 0.0337519645690918
 0.009090000000000001 0.5125644386370697 0.03441715240478516
 0.0091 0.5127524823188968 0.03452491760253906
 0.00911 0.5129367863727552 0.03270101547241211
 0.009120000000000001 0.5131173417866604 0.03423786163330078
 0.009130000000000001 0.5146609183644772 0.03420591354370117
 0.009140000000000001 0.5148368547314217 0.03351497650146484
 0.00915 0.5150090191743945 0.03358888626098633
 0.009160000000000001 0.5151774026694412 0.03354310989379883
 0.009170000000000001 0.5167199881556717 0.03358197212219238
 0.009180000000000001 0.5168837024729492 0.03333306312561035
 0.00919 0.517043612534609 0.03214716911315918
 0.009200000000000002 0.5171997093044958 0.03381586074829102
 0.009210000000000001 0.5187412392254267 0.03325009346008301
 0.009220000000000001 0.5188926167001634 0.03328704833984375
 0.00923 0.5190401575499833 0.03325104713439941
 0.00924 0.5191838527265303 0.0340888500213623
 0.009250000000000001 0.5207242629304188 0.03252291679382324
 0.009260000000000001 0.5208631887016634 0.03153419494628906
 0.00927 0.5209982454392565 0.03291797637939453
 0.00928 0.5225383991853068 0.03310894966125488
 0.009290000000000001 0.5226686507264408 0.03197312355041504
 0.009300000000000001 0.5227950098554359 0.03185915946960449
 0.009310000000000001 0.5229174675011081 0.03196001052856445
 0.00932 0.5244563917731792 0.03237390518188477
 0.009330000000000001 0.5245739941262048 0.0318148136138916
 0.009340000000000001 0.5246876715873722 0.03272199630737305
 0.009350000000000001 0.5247974150732093 0.03209614753723145
 0.00936 0.5263350465710721 0.03084707260131836
 0.009370000000000002 0.5264398846586604 0.03213381767272949
 0.009380000000000001 0.5265407653309737 0.03290200233459473
 0.009390000000000001 0.5280780156682032 0.03068184852600098
 0.0094 0.5281739551872885 0.03032898902893066
 0.00941 0.5282659138296104 0.0309910774230957
 0.009420000000000001 0.5298027500441502 0.02984189987182617
 0.009430000000000001 0.5298897317907996 0.03006505966186523
 0.00944 0.5299727091763963 0.03017306327819824
 0.00945 0.5300516730833778 0.02998685836791992
 0.009460000000000001 0.5315870632220441 0.03014397621154785
 0.009470000000000001 0.5316610001107948 0.02942013740539551
 0.009480000000000001 0.5317309000019336 0.03014588356018066
 0.00949 0.5332657983595973 0.02993083000183105
 0.009500000000000001 0.5333306354946291 0.02906608581542969
 0.009510000000000001 0.5333914120885368 0.02887296676635742
 0.009520000000000001 0.5334481190009966 0.02903485298156738
 0.00953 0.5349814643025611 0.02882504463195801
 0.009540000000000002 0.5350330582969027 0.02843904495239258
 0.009550000000000001 0.5350805590298046 0.02783608436584473
 0.009560000000000001 0.5366133356124875 0.02735018730163574
 0.00957 0.5366556876810455 0.02787399291992188
 0.00958 0.536693922881907 0.02788209915161133
 0.009590000000000001 0.5382260985961548 0.02786898612976074
 0.009600000000000001 0.5382591493856442 0.02645587921142578
 0.00961 0.538288059674181 0.02615809440612793
 0.00962 0.5398196025098151 0.02603888511657715
 0.009630000000000001 0.5398432926369175 0.02595305442810059
 0.009640000000000001 0.5398628186021759 0.02541089057922363
 0.009650000000000001 0.5413936966848027 0.02504992485046387
 0.00966 0.541407966733363 0.0256500244140625
 0.009670000000000002 0.5414180489307292 0.02501893043518066
 0.009680000000000001 0.5429482305187949 0.02517318725585938
 0.009690000000000001 0.5429530210365783 0.02529406547546387
 0.0097 0.5429535999850799 0.02521181106567383
 0.009710000000000002 0.5444830534662666 0.02562212944030762
 0.009720000000000001 0.5444783049625949 0.02493691444396973
 0.009730000000000001 0.544469321142019 0.02499604225158691
 0.00974 0.5459980150298404 0.02547693252563477
 0.00975 0.5459836679726664 0.02494406700134277
 0.009760000000000001 0.5459650618210063 0.02505087852478027
 0.009770000000000001 0.5474929647514367 0.02491998672485352
 0.00978 0.5474689595648238 0.02491402626037598
 0.00979 0.5474406714756417 0.02491092681884766
 0.009800000000000001 0.5489677522036824 0.02478194236755371
 0.009810000000000001 0.5489340292649882 0.02499508857727051
 0.009820000000000001 0.5488959995851942 0.03223705291748047
 0.00983 0.550422226981098 0.02405595779418945
 0.009840000000000002 0.5503787266189184 0.02393507957458496
 0.009850000000000001 0.550330895646024 0.02409720420837402
 0.009860000000000001 0.5518562386919215 0.02401018142700195
 0.00987 0.5518029011836044 0.02407407760620117
 0.009880000000000002 0.5517452091636488 0.02394294738769531
 0.009890000000000001 0.5532696369498279 0.02389097213745117
 0.009900000000000001 0.5532064025191957 0.02396798133850098
 0.00991 0.5547310694243284 0.02390789985656738
 0.00992 0.5546622713658539 0.02463912963867188
 0.009930000000000001 0.5545890801812123 0.02479982376098633
 0.009940000000000001 0.5561127822547954 0.02378487586975098
 0.009950000000000001 0.5560339915405159 0.02373194694519043
 0.00996 0.555950783712529 0.02370190620422363
 0.009970000000000001 0.5574734903429386 0.02373600006103516
 0.009980000000000001 0.5573846470560329 0.02373886108398438
 0.009990000000000001 0.5572913626359497 0.02371501922607422
 0.01 0.5588130433065369 0.02636289596557617
