# Created by Octave 3.2.4, Fri Jun 07 12:07:56 2013 ART <ulises@ulises-W240HU-W250HUQ>
# name: x
# type: matrix
# rows: 1501
# columns: 2
 1 0
 0.9999605208029461 0.006282937252068718
 0.9998815631876107 0.01256537838411485
 0.9997631294908971 0.01884707533120599
 0.9996052236076847 0.02512778003816419
 0.9994078509906148 0.03140724446933565
 0.9991710186498152 0.03768522061835466
 0.9988947351525627 0.04396146051790137
 0.9985790106228857 0.05023571624945298
 0.9982238567411065 0.05650773995302803
 0.9978292867433213 0.06277728383692337
 0.9973953154208214 0.06904410018744347
 0.996921959119453 0.07530794137862167
 0.9964092357389177 0.08156855988193304
 0.995857164732012 0.08782570827599849
 0.9952657671038071 0.09407913925627963
 0.9946350654107687 0.1003286056447642
 0.9939650837598186 0.1065738603996417
 0.993255847807334 0.1128146566249687
 0.9925073847580899 0.1190507475803236
 0.9917197233641406 0.1252818866904503
 0.9908928939236431 0.131507827554891
 0.9900269282796212 0.137728323957607
 0.9891218598186705 0.1439431298765875
 0.9881777234696049 0.1501519994934463
 0.9871945557020443 0.1563546872030056
 0.986172394524945 0.1625509476228671
 0.9851112794850705 0.1687405356029695
 0.9840112516654048 0.1749232062351319
 0.9828723536835087 0.1810987148625842
 0.9816946296898162 0.1872668170894825
 0.9804781253658761 0.1934272687904091
 0.9792228879225333 0.1995798261198594
 0.9779289660980551 0.2057242455217112
 0.9765964101562001 0.2118602837386802
 0.9752252718842286 0.217987697821758
 0.9738156045908583 0.2241062451396353
 0.972367463104162 0.2302156833881068
 0.9708809037694097 0.2363157705994604
 0.9693559844468541 0.2424062651518489
 0.9677927645094607 0.2484869257786434
 0.9661913048405808 0.25455751157777
 0.96455166783157 0.2606177820210268
 0.9628739173793509 0.2666674969633842
 0.9611581188839203 0.2727064166522646
 0.9594043392458012 0.2787343017368041
 0.9576126468634397 0.2847509132770947
 0.9557831116305486 0.2907560127534061
 0.9539158049333941 0.2967493620753886
 0.9520107996480301 0.3027307235912545
 0.9500681701374769 0.3086998600969398
 0.9480879922488468 0.3146565348452447
 0.9460703433104158 0.3206005115549528
 0.9440153021286414 0.326531554419929
 0.9419229489851269 0.332449428118196
 0.9397933656335329 0.338353897820988
 0.9376266352964353 0.3442447292017828
 0.9354228426621309 0.3501216884453111
 0.9331820738813906 0.3559845422565429
 0.9309044165641587 0.3618330578696507
 0.9285899597762013 0.3676670030569498
 0.9262387940357034 0.3734861461378143
 0.923851011309812 0.3792902559875698
 0.9214267050111292 0.3850791020463611
 0.9189659699941535 0.3908524543279967
 0.9164689025516689 0.396610083428767
 0.9139356004110855 0.4023517605362392
 0.911366162730726 0.4080772574380259
 0.9087606900960642 0.4137863465305283
 0.9061192845159121 0.4194788008276543
 0.9034420494185562 0.42515439396951
 0.9007290896478453 0.4308129002310654
 0.8979805114592273 0.4364540945307932
 0.8951964225157369 0.4420777524392815
 0.8923769318839343 0.4476836501878194
 0.8895221500297934 0.4532715646769542
 0.8866321888145431 0.4588412734850237
 0.8837071614904579 0.4643925548766581
 0.8807471826966019 0.4699251878112564
 0.8777523684545229 0.4754389519514324
 0.8747228361638988 0.4809336276714345
 0.8716587045981374 0.4864089960655357
 0.8685600938999263 0.4918648389563943
 0.8654271255767374 0.4973009389033874
 0.8622599224962835 0.5027170792109136
 0.8590586088819271 0.5081130439366666
 0.8558233103080434 0.5134886178998791
 0.8525541536953365 0.5188435866895375
 0.8492512673061097 0.5241777366725653
 0.8459147807394878 0.5294908550019772
 0.8425448249265959 0.5347827296250021
 0.8391415321256913 0.5400531492911752
 0.8357050359172494 0.5453019035604001
 0.8322354711990053 0.5505287828109785
 0.8287329741809504 0.5557335782476097
 0.8251976823802827 0.5609160819093572
 0.8216297346163146 0.5660760866775847
 0.8180292710053347 0.5712133862838605
 0.8143964329554261 0.576327775317828
 0.8107313631612403 0.5814190492350447
 0.807034205598728 0.58648700436479
 0.8033051055198259 0.5915314379178381
 0.7995442094471005 0.5965521479941994
 0.7957516651683479 0.6015489335908278
 0.7919276217311526 0.6065215946092962
 0.7880722294374015 0.6114699318634368
 0.7841856398377571 0.6163937470869487
 0.7802680057260875 0.6212928429409719
 0.7763194811338546 0.6261670230216259
 0.7723402213244619 0.6310160918675164
 0.7683303827875577 0.6358398549672051
 0.7642901232333004 0.6406381187666468
 0.7602196015865801 0.6454106906765911
 0.7561189779812005 0.6501573790799484
 0.7519884137540207 0.6548779933391232
 0.7478280714390544 0.6595723438033089
 0.7436381147615312 0.6642402418157501
 0.7394187086319164 0.668881499720968
 0.7351700191398917 0.6734959308719496
 0.7308922135482958 0.6780833496373022
 0.7265854602870262 0.6826435714083711
 0.7222499289469013 0.6871764126063213
 0.7178857902734843 0.6916816906891833
 0.7134932161608669 0.6961592241588603
 0.7090723796454163 0.7006088325681021
 0.7046234548994829 0.7050303365274395
 0.7001466172250699 0.7094235577120824
 0.6956420430474657 0.7137883188687812
 0.6911099099088376 0.7181244438226505
 0.6865503964617891 0.7224317574839554
 0.6819636824628792 0.7267100858548604
 0.677349948766106 0.7309592560361405
 0.6727093773163514 0.735179096233854
 0.6680421511427914 0.7393694357659781
 0.6633484543522685 0.7435301050690054
 0.6586284721226288 0.7476609357045026
 0.6538823906960231 0.7517617603656312
 0.6491103973721715 0.7558324128836282
 0.644312680501594 0.7598727282342498
 0.6394894294788041 0.7638825425441745
 0.6346408347354691 0.7678616930973694
 0.6297670877335335 0.7718100183414145
 0.6248683809583101 0.7757273578937903
 0.6199449079115343 0.7796135525481245
 0.6149968631043861 0.7834684442803996
 0.6100244420504768 0.7872918762551215
 0.6050278412588028 0.7910836928314465
 0.6000072582266652 0.7948437395692703
 0.5949628914325563 0.7985718632352764
 0.5898949403290127 0.8022679118089429
 0.5848036053354355 0.8059317344885111
 0.5796890878308784 0.8095631816969125
 0.5745515901468019 0.8131621050876559
 0.5693913155597966 0.816728357550672
 0.5642084682842734 0.82026179321812
 0.5590032534651221 0.8237622674701514
 0.5537758771703384 0.8272296369406323
 0.548526546383619 0.8306637595228271
 0.5432554689969259 0.8340644943750374
 0.5379628538030194 0.8374317019262028
 0.5326489104879599 0.8407652438814575
 0.5273138496235794 0.8440649832276471
 0.5219578826599227 0.8473307842388033
 0.5165812219176574 0.8505625124815752
 0.5111840805804551 0.8537600348206209
 0.5057666726873413 0.8569232194239557
 0.5003292131250173 0.8600519357682577
 0.4948719176201511 0.8631460546441322
 0.4893950027316398 0.8662054481613332
 0.483898685842843 0.8692299897539416
 0.4783831851537869 0.872219554185502
 0.4728487196733401 0.8751740175541159
 0.467295509211361 0.8780932572974923
 0.4617237743708166 0.8809771521979547
 0.4561337365398733 0.8838255823874065
 0.4505256178839604 0.886638429352251
 0.4448996413378053 0.8894155759382704
 0.4392560305974412 0.8921569063554596
 0.4335950101121883 0.8948623061828175
 0.427916805076607 0.8975316623730937
 0.4222216414224249 0.9001648632574922
 0.4165097458104373 0.902761798550332
 0.4107813456223801 0.9053223593536612
 0.4050366689527779 0.9078464381618302
 0.3992759446007649 0.9103339288660182
 0.3934994020618805 0.9127847267587162
 0.3877072715198394 0.9151987285381675
 0.3818997838382754 0.9175758323127599
 0.3760771705524606 0.9199159376053765
 0.3702396638609999 0.9222189453577015
 0.3643874966174991 0.9244847579344792
 0.35852090232221 0.9267132791277302
 0.3526401151136501 0.9289044141609216
 0.3467453697601982 0.9310580696930926
 0.3408369016516654 0.9331741538229343
 0.3349149467908435 0.935252576092825
 0.328979741785028 0.9372932474928191
 0.323031523837519 0.9392960804645913
 0.3170705307390977 0.9412609889053357
 0.3110970008594807 0.9431878881716176
 0.3051111731387506 0.9450766950831807
 0.2991132870787641 0.9469273279267081
 0.2931035827345377 0.9487397064595376
 0.287082300705611 0.9505137519133307
 0.2810496821273876 0.9522493869976943
 0.2750059686624541 0.953946535903759
 0.2689514024918778 0.9556051243077075
 0.2628862263064818 0.9572250793742589
 0.2568106832980999 0.9588063297601063
 0.250725017150809 0.9603488056173058
 0.244629472032142 0.9618524385966212
 0.2385242925842785 0.9633171618508204
 0.2324097239152153 0.964742910037925
 0.2262860115899173 0.9661296193244127
 0.2201534016214467 0.9674772273883733
 0.2140121404620733 0.9687856734226162
 0.2078624749943644 0.9700548981377324
 0.2017046525222553 0.9712848437651062
 0.1955389207621001 0.9724754540598824
 0.1893655278337034 0.9736266743038842
 0.1831847222513325 0.9747384513084825
 0.1769967529147116 0.9758107334174199
 0.1708018690999965 0.9768434705095844
 0.1646003204507307 0.977836614001736
 0.1583923569687839 0.9787901168511853
 0.1521782290052718 0.979703933558423
 0.1459581872514585 0.9805780201697025
 0.1397324827296401 0.9814123342795726
 0.1335013667840122 0.9822068350333628
 0.1272650910715189 0.9829614831296182
 0.1210239075526853 0.9836762408224883
 0.1147780684824327 0.9843510719240651
 0.108527826400877 0.9849859418066721
 0.1022734341241109 0.9855808174051051
 0.09601514473496957 0.9861356672188242
 0.08975321157377969 0.9866504613140953
 0.0834878882290932 0.987125171326083
 0.07721942852840481 0.9875597704608944
 0.07094808652885404 0.9879542334975725
 0.06467411650791187 0.9883085367900403
 0.05839777295405223 0.9886226582689961
 0.05211931055740838 0.9888965774437573
 0.04583898420041457 0.9891302754040551
 0.03955704894843305 0.9893237348217799
 0.03327376004036671 0.9894769399526754
 0.02698937287925746 0.9895898766379826
 0.02070414302287063 0.9896625323060343
 0.01441832617426557 0.989694895973798
 0.008132178172352589 0.9896869582483696
 0.001845954982436528 0.9896387113284154
 -0.004440087313252883 0.9895501490055635
 -0.0107256925250437 0.9894212666657447
 -0.0170106043653172 0.9892520612904823
 -0.02329456645801599 0.9890425314581309
 -0.02957732234816444 0.9887926773450644
 -0.03585861551140135 0.9885025007268113
 -0.04213818936352461 0.9881720049791411
 -0.04841578727004763 0.9878011950790965
 -0.05469115255576735 0.9873900776059762
 -0.06096402851434364 0.9869386607422651
 -0.06723415841788984 0.9864469542745128
 -0.07350128552657428 0.9859149695941604
 -0.07976515309823255 0.9853427196983149
 -0.08602550439799025 0.9847302191904723
 -0.09228208270789619 0.984077484281188
 -0.09853463133656552 0.9833845327886944
 -0.1047828936288331 0.9826513841394682
 -0.111026612975416 0.9818780593687416
 -0.1172655328225861 0.9810645811209647
 -0.1234993966818516 0.9802109736502133
 -0.1297279481396478 0.9793172628205431
 -0.1359509308670361 0.9783834761062935
 -0.1421680886294128 0.977409642592336
 -0.1483791652962248 0.9763957929742704
 -0.1545839048506951 0.9753419595585683
 -0.1607820513995546 0.9742481762626625
 -0.1669733491827831 0.9731144786149828
 -0.1731575425833571 0.9719409037549397
 -0.1793343761370045 0.9707274904328526
 -0.1855035945419676 0.9694742790098255
 -0.1916649426687716 0.9681813114575682
 -0.1978181655700006 0.9668486313581642
 -0.2039630084900796 0.9654762839037838
 -0.2100992168750631 0.9640643158963439
 -0.2162265363824288 0.9626127757471119
 -0.2223447128908781 0.9611217134762579
 -0.228453492510141 0.9595911807123496
 -0.2345526215907872 0.9580212306917942
 -0.2406418467340413 0.9564119182582258
 -0.2467209148016039 0.9547632998618369
 -0.2527895729254758 0.9530754335586556
 -0.258847568517788 0.951348379009768
 -0.2648946492806343 0.9495821974804846
 -0.2709305632159091 0.9477769518394533
 -0.276955058635148 0.945932706557715
 -0.2829678841693716 0.9440495277077049
 -0.288968788778933 0.9421274829621975
 -0.2949575217633676 0.9401666415931977
 -0.300933832771246 0.9381670744707737
 -0.3068974718100287 0.9361288540618357
 -0.3128481892559233 0.9340520544288584
 -0.3187857358637436 0.9319367512285471
 -0.3247098627767699 0.929783021710448
 -0.3306203215366112 0.9275909447155013
 -0.3365168640930678 0.9253606006745393
 -0.3423992428139955 0.9230920716067273
 -0.3482672104951699 0.9207854411179478
 -0.354120520370151 0.9184407943991281
 -0.359958926120148 0.9160582182245113
 -0.3657821818838842 0.9136378009498703
 -0.371590042267461 0.9111796325106649
 -0.3773822623542207 0.9086838044201415
 -0.38315859771461 0.9061504097673759
 -0.38891880441604 0.9035795432152587
 -0.3946626390327466 0.9009713009984229
 -0.4003898586556476 0.8983257809211153
 -0.406100220902199 0.8956430823550084
 -0.4117934839262479 0.8929233062369563
 -0.4174694064278833 0.8901665550666914
 -0.4231277476632839 0.8873729329044645
 -0.4287682674545624 0.8845425453686258
 -0.4343907261996069 0.8816754996331483
 -0.4399948848819181 0.8787719044250932
 -0.4455805050804424 0.8758318700220167
 -0.4511473489794012 0.8728555082493181
 -0.4566951793781145 0.86984293247753
 -0.4622237597008209 0.8667942576195498
 -0.4677328540064916 0.8637096001278122
 -0.4732222269986388 0.8605890779914032
 -0.4786916440351187 0.8574328107331147
 -0.4841408711379283 0.8542409194064415
 -0.4895696750029957 0.8510135265925176
 -0.4949778230099634 0.8477507563969939
 -0.5003650832319655 0.8444527344468578
 -0.5057312244453963 0.8411195878871911
 -0.5110760161396726 0.8377514453778712
 -0.5163992285269868 0.8343484370902102
 -0.5217006325520531 0.8309106947035371
 -0.5269799999018437 0.8274383514017174
 -0.5322371030153173 0.8239315418696156
 -0.5374717150931376 0.8203904022894957
 -0.542683610107383 0.8168150703373633
 -0.5478725628112457 0.8132056851792473
 -0.5530383487487215 0.8095623874674203
 -0.558180744264288 0.8058853193365608
 -0.5632995265125733 0.8021746243998534
 -0.5683944734680123 0.7984304477450299
 -0.5734653639344924 0.7946529359303491
 -0.578511977554987 0.7908422369805165
 -0.5835340948211768 0.7869985003825435
 -0.5885314970830593 0.7831218770815458
 -0.5935039665585441 0.7792125194764808
 -0.5984512863430365 0.7752705814158247
 -0.6033732404190068 0.7712962181931888
 -0.6082696136655455 0.7672895865428739
 -0.6131401918679055 0.7632508446353649
 -0.6179847617270278 0.7591801520727633
 -0.622803110869054 0.7550776698841597
 -0.6275950278548237 0.750943560520944
 -0.6323603021893541 0.7467779878520548
 -0.6370987243313058 0.7425811171591675
 -0.641810085702431 0.7383531151318208
 -0.6464941786970068 0.7340941498624822
 -0.6511507966912482 0.7298043908415516
 -0.6557797340527068 0.7254840089523028
 -0.6603807861496503 0.7211331764657651
 -0.664953749360424 0.7167520670355416
 -0.6694984210827927 0.7123408556925659
 -0.6740145997432664 0.7078997188397985
 -0.6785020848064036 0.7034288342468595
 -0.6829606767840968 0.6989283810446004
 -0.6873901772448372 0.6943985397196143
 -0.6917903888229595 0.6898394921086836
 -0.6961611152278651 0.6852514213931656
 -0.7005021612532242 0.6806345120933167
 -0.7048133327861574 0.6759889500625543
 -0.7090944368163936 0.6713149224816559
 -0.7133452814454067 0.6666126178528977
 -0.7175656758955283 0.6618822259941289
 -0.7217554305190392 0.6571239380327861
 -0.7259143568072348 0.6523379463998435
 -0.7300422673994683 0.6475244448237026
 -0.7341389760921689 0.6426836283240179
 -0.7382042978478346 0.6378156932054618
 -0.7422380488040009 0.632920837051427
 -0.7462400462821827 0.6279992587176655
 -0.7502101087967907 0.6230511583258667
 -0.7541480560640216 0.6180767372571723
 -0.7580537090107206 0.6130761981456293
 -0.7619268897832168 0.6080497448715805
 -0.7657674217561318 0.6029975825549928
 -0.7695751295411581 0.5979199175487229
 -0.7733498389958113 0.5928169574317207
 -0.7770913772321515 0.5876889110021712
 -0.7807995726254753 0.5825359882705728
 -0.7844742548229792 0.5773584004527544
 -0.7881152547523914 0.5721563599628295
 -0.7917224046305733 0.5669300804060884
 -0.7952955379720897 0.561679776571828
 -0.7988344895977473 0.5564056644261196
 -0.8023390956431007 0.5511079611045143
 -0.8058091935669272 0.5457868849046862
 -0.809244622159667 0.5404426552790135
 -0.8126452215518303 0.5350754928270977
 -0.8160108332223718 0.5296856192882203
 -0.8193413000070287 0.5242732575337383
 -0.8226364661066258 0.5188386315594167
 -0.825896177095344 0.5133819664776994
 -0.8291202799289541 0.5079034885099188
 -0.8323086229530132 0.5024034249784429
 -0.835461055911026 0.4968820042987608
 -0.8385774299525671 0.4913394559715063
 -0.8416575976413675 0.4857760105744207
 -0.8447014129633619 0.4801918997542527
 -0.8477087313346979 0.474587356218598
 -0.8506794096097058 0.4689626137276763
 -0.8536133060888299 0.4633179070860483
 -0.8565102805265182 0.4576534721342696
 -0.8593701941390736 0.4519695457404857
 -0.8621929096124624 0.4462663657919636
 -0.8649782911100827 0.4405441711865639
 -0.8677262042804902 0.4348032018241513
 -0.8704365162650822 0.4290436985979445
 -0.8731090957057381 0.4232659033858053
 -0.8757438127524172 0.4174700590414668
 -0.8783405390707117 0.4116564093857017
 -0.8808991478493569 0.4058251991974298
 -0.8834195138076953 0.399976674204765
 -0.885901513203096 0.3941110810760023
 -0.8883450238383278 0.3882286674105454
 -0.8907499250688872 0.3823296817297734
 -0.8931160978102779 0.3764143734678481
 -0.8954434245452443 0.370482992962462
 -0.897731789330957 0.3645357914455262
 -0.8999810778061493 0.3585730210337996
 -0.9021911771982063 0.3525949347194582
 -0.9043619763302025 0.346601786360606
 -0.9064933656278925 0.3405938306717263
 -0.9085852371266485 0.3345713232140751
 -0.9106374844783495 0.3285345203860154
 -0.9126500029582173 0.3224836794132934
 -0.9146226894716012 0.3164190583392555
 -0.9165554425607115 0.3103409160150093
 -0.9184481624112982 0.3042495120895246
 -0.920300750859278 0.2981451069996781
 -0.9221131113973066 0.2920279619602398
 -0.9238851491812963 0.2858983389538032
 -0.9256167710368801 0.2797565007206573
 -0.9273078854658189 0.2736027107486022
 -0.9289584026523532 0.2674372332627081
 -0.930568234469499 0.2612603332150182
 -0.9321372944852855 0.2550722762741947
 -0.9336654979689368 0.2488733288151091
 -0.9351527618969944 0.242663757908377
 -0.9365990049593816 0.2364438313098372
 -0.9380041475654092 0.2302138174499755
 -0.9393681118497207 0.2239739854232936
 -0.9406908216781786 0.2177246049776229
 -0.9419722026536894 0.2114659465033843
 -0.9432121821219672 0.2051982810227934
 -0.9444106891772366 0.1989218801790117
 -0.9455676546678723 0.1926370162252444
 -0.9466830112019772 0.1863439620137841
 -0.9477566931528963 0.1800429909850025
 -0.9487886366646677 0.1737343771562878
 -0.9497787796574081 0.1674183951109305
 -0.9507270618326349 0.161095319986957
 -0.9516334246785229 0.1547654274659102
 -0.9524978114750933 0.1484289937615796
 -0.9533201672993394 0.1420862956086794
 -0.9541004390302832 0.1357376102514758
 -0.9548385753539645 0.1293832154323632
 -0.9555345267683643 0.1230233893803908
 -0.9561882455882571 0.1166584107997381
 -0.9567996859499959 0.1102885588581415
 -0.957368803816228 0.1039141131752716
 -0.9578955569805391 0.09753535381106056
 -0.9583799050720286 0.09115256125398159
 -0.9588218095598138 0.08476601640928025
 -0.9592212337574608 0.07837600058715719
 -0.9595781428273457 0.07198279549090375
 -0.9598925037849415 0.06558668320499036
 -0.9601642855030333 0.05918794618310801
 -0.9603934587158588 0.05278686723616337
 -0.9605799960231749 0.04638372952022793
 -0.9607238718942507 0.03997881652444152
 -0.960825062671784 0.03357241205887059
 -0.9608835465757436 0.02716480024232177
 -0.9608993037071334 0.02075626549011093
 -0.9608723160516829 0.01434709250178847
 -0.9608025674834573 0.007937566248820908
 -0.9606900437683928 0.001527971962229524
 -0.9605347325677521 -0.004881404879813729
 -0.9603366234415014 -0.01129027856443247
 -0.9600957078516085 -0.01769836315653388
 -0.9598119791652623 -0.02410537251133801
 -0.9594854326580102 -0.03051102028694789
 -0.9591160655168165 -0.03691501995695996
 -0.9587038768430391 -0.04331708482311446
 -0.9582488676553249 -0.04971692802798515
 -0.9577510408924225 -0.05611426256770796
 -0.9572104014159125 -0.06250880130474806
 -0.9566269560128562 -0.06890025698070484
 -0.9560007133983585 -0.0752883422291543
 -0.9553316842180488 -0.08167276958852838
 -0.9546198810504759 -0.08805325151503067
 -0.9538653184094192 -0.09442950039558787
 -0.953068012746114 -0.1008012285608368
 -0.9522279824513904 -0.1071681482981459
 -0.9513452478577273 -0.1135299718646716
 -0.9504198312412179 -0.1198864115004476
 -0.9494517568234491 -0.1262371794415076
 -0.9484410507732934 -0.1325819879330415
 -0.9473877412086115 -0.1389205492425819
 -0.9462918581978668 -0.1452525756732239
 -0.9451534337616522 -0.1515777795768745
 -0.943972501874125 -0.1578958733675332
 -0.9427490984643535 -0.1642065695346016
 -0.9414832614175738 -0.1705095806562224
 -0.9401750305763535 -0.1768046194126477
 -0.9388244477416666 -0.1830913985996339
 -0.9374315566738752 -0.1893696311418648
 -0.9359964030936203 -0.1956390301064014
 -0.9345190346826188 -0.2018993087161577
 -0.9329995010843688 -0.2081501803634016
 -0.9314378539047615 -0.2143913586232812
 -0.9298341467125983 -0.2206225572673749
 -0.928188435040015 -0.2268434902772653
 -0.9265007763828114 -0.2330538718581363
 -0.9247712302006846 -0.2392534164523911
 -0.9229998579173696 -0.2454418387532941
 -0.9211867229206814 -0.2516188537186313
 -0.9193318905624633 -0.2577841765843926
 -0.9174354281584376 -0.2639375228784731
 -0.9154974049879593 -0.2700786084343934
 -0.913517892293674 -0.2762071494050377
 -0.9114969632810771 -0.2823228622764106
 -0.9094346931179755 -0.2884254638814089
 -0.9073311589338507 -0.2945146714136112
 -0.9051864398191244 -0.3005902024410821
 -0.9030006168243241 -0.306651774920191
 -0.9007737729591495 -0.3126991072094453
 -0.8985059931914406 -0.3187319180833367
 -0.8961973644460444 -0.3247499267461997
 -0.8938479756035814 -0.3307528528460821
 -0.8914579174991138 -0.336740416488627
 -0.8890272829207094 -0.3427123382509642
 -0.8865561666079073 -0.3486683391956117
 -0.8840446652500805 -0.3546081408843861
 -0.8814928774846981 -0.3605314653923204
 -0.8789009038954831 -0.3664380353215899
 -0.8762688470104713 -0.3723275738154437
 -0.8735968112999642 -0.3781998045721428
 -0.8708849031743822 -0.384054451858902
 -0.8681332309820119 -0.3898912405258376
 -0.8653419050066519 -0.3957098960199164
 -0.862511037465154 -0.401510144398909
 -0.8596407425048618 -0.4072917123453441
 -0.8567311362009433 -0.4130543271804633
 -0.8537823365536211 -0.4187977168781775
 -0.8507944634852966 -0.4245216100790208
 -0.8477676388375706 -0.430225736104104
 -0.8447019863681575 -0.4359098249690661
 -0.8415976317476964 -0.4415736073980217
 -0.8384547025564545 -0.4472168148375048
 -0.8352733282809268 -0.4528391794704079
 -0.8320536403103289 -0.4584404342299159
 -0.8287957719329849 -0.4640203128134327
 -0.8254998583326079 -0.4695785496965004
 -0.8221660365844752 -0.4751148801467114
 -0.8187944456514973 -0.4806290402376105
 -0.8153852263801795 -0.4861207668625873
 -0.8119385214964773 -0.4915897977487579
 -0.8084544756015449 -0.4970358714708351
 -0.8049332351673769 -0.502458727464986
 -0.8013749485323426 -0.507858106042676
 -0.7977797658966135 -0.513233748404499
 -0.7941478393174833 -0.5185853966539917
 -0.7904793227045805 -0.5239127938114333
 -0.7867743718149738 -0.5292156838276266
 -0.7830331442481695 -0.5344938115976624
 -0.7792557994410022 -0.5397469229746649
 -0.7754424986624163 -0.5449747647835174
 -0.7715934050081416 -0.5501770848345675
 -0.7677086833952596 -0.555353631937312
 -0.763788500556663 -0.5605041559140572
 -0.7598330250354071 -0.5656284076135581
 -0.7558424271789526 -0.5707261389246328
 -0.751816879133302 -0.5757971027897513
 -0.7477565548370267 -0.5808410532185995
 -0.7436616300151871 -0.5858577453016152
 -0.7395322821731447 -0.5908469352234971
 -0.7353686905902659 -0.5958083802766846
 -0.7311710363135183 -0.6007418388748083
 -0.7269395021509599 -0.6056470705661099
 -0.7226742726651195 -0.6105238360468308
 -0.7183755341662695 -0.6153718971745672
 -0.7140434747055923 -0.6201910169815934
 -0.7096782840682377 -0.62498095968815
 -0.7052801537662738 -0.6297414907156965
 -0.7008492770315303 -0.6344723767001289
 -0.6963858488083343 -0.6391733855049587
 -0.691890065746139 -0.6438442862344556
 -0.6873621261920461 -0.6484848492467493
 -0.6828022301832203 -0.6530948461668934
 -0.6782105794391975 -0.6576740498998862
 -0.6735873773540862 -0.6622222346436522
 -0.6689328289886631 -0.6667391759019782
 -0.6642471410623613 -0.6712246504974082
 -0.6595305219451532 -0.6756784365840918
 -0.6547831816493271 -0.6801003136605877
 -0.6500053318211587 -0.6844900625826206
 -0.6451971857324755 -0.6888474655757909
 -0.6403589582721176 -0.6931723062482356
 -0.6354908659372925 -0.6974643696032393
 -0.6305931268248253 -0.7017234420517967
 -0.6256659606223033 -0.7059493114251211
 -0.6207095885991184 -0.7101417669871029
 -0.6157242335974027 -0.7143005994467141
 -0.6107101200228622 -0.7184256009703587
 -0.6056674738355057 -0.7225165651941672
 -0.6005965225402713 -0.7265732872362372
 -0.5954974951775496 -0.7305955637088147
 -0.590370622313603 -0.7345831927304187
 -0.5852161360308848 -0.7385359739379066
 -0.5800342699182549 -0.74245370849848
 -0.5748252590610934 -0.7463361991216299
 -0.5695893400313136 -0.750183250071019
 -0.5643267508772741 -0.7539946671763038
 -0.5590377311135895 -0.75777025784489
 -0.5537225217108409 -0.7615098310736259
 -0.5483813650851873 -0.7652131974604295
 -0.5430145050878767 -0.7688801692158486
 -0.5376221869946584 -0.7725105601745548
 -0.5322046574950958 -0.7761041858067683
 -0.5267621646817831 -0.7796608632296144
 -0.5212949580394609 -0.783180411218408
 -0.5158032884340376 -0.7866626502178702
 -0.5102874081015115 -0.79010740235327
 -0.5047475706367978 -0.793514491441495
 -0.4991840309824586 -0.7968837430020473
 -0.4935970454173385 -0.8002149842679657
 -0.4879868715451037 -0.803508044196671
 -0.4823537682826877 -0.8067627534807364
 -0.4766979958486428 -0.8099789445585791
 -0.4710198157513971 -0.8131564516250742
 -0.4653194907774202 -0.8162951106420897
 -0.4595972849792945 -0.8193947593489408
 -0.4538534636636961 -0.8224552372727637
 -0.448088293379284 -0.8254763857388078
 -0.4423020419044974 -0.8284580478806436
 -0.4364949782352646 -0.8314000686502893
 -0.4306673725726209 -0.8343022948282512
 -0.4248194963102381 -0.8371645750334797
 -0.4189516220218651 -0.8399867597332378
 -0.4130640234486812 -0.8427687012528844
 -0.407156975486562 -0.8455102537855684
 -0.4012307541732583 -0.8482112734018337
 -0.3952856366754902 -0.8508716180591359
 -0.3893219012759543 -0.8534911476112674
 -0.383339827360248 -0.8560697238176918
 -0.3773396954037085 -0.8586072103527852
 -0.3713217869581694 -0.8611034728149864
 -0.3652863846386343 -0.8635583787358516
 -0.3592337721098685 -0.8659717975890149
 -0.35316423407291 -0.8683436007990537
 -0.3470780562514991 -0.870673661750258
 -0.3409755253784295 -0.8729618557953023
 -0.3348569291818194 -0.8752080602638195
 -0.3287225563713045 -0.8774121544708773
 -0.3225726966241541 -0.8795740197253539
 -0.3164076405713095 -0.881693539338214
 -0.3102276797833474 -0.8837705986306849
 -0.3040331067563671 -0.8858050849423287
 -0.297824214897804 -0.8877968876390147
 -0.2916012985121693 -0.8897458981207866
 -0.2853646527867164 -0.8916520098296273
 -0.2791145737770357 -0.8935151182571173
 -0.2728513583925788 -0.8953351209519893
 -0.2665753043821102 -0.8971119175275761
 -0.2602867103190924 -0.8988454096691517
 -0.2539858755869993 -0.9005355011411648
 -0.2476731003645643 -0.9021820977943639
 -0.2413486856109595 -0.9037851075728148
 -0.2350129330509097 -0.9053444405208063
 -0.228666145159741 -0.9068600087896473
 -0.2223086251483649 -0.908331726644353
 -0.2159406769481985 -0.9097595104702181
 -0.209562605196023 -0.9111432787792794
 -0.2031747152187797 -0.9124829522166644
 -0.1967773130183053 -0.9137784535668271
 -0.1903707052560079 -0.9150297077596689
 -0.183955199237483 -0.9162366418765452
 -0.1775311028970724 -0.917399185156157
 -0.1710987247823658 -0.9185172690003258
 -0.1646583740386459 -0.9195908269796523
 -0.1582103603932783 -0.9206197948390574
 -0.1517549941400478 -0.9216041105032067
 -0.1452925861234406 -0.9225437140818151
 -0.1388234477228748 -0.9234385478748344
 -0.1323478908368795 -0.9242885563775193
 -0.1258662278672226 -0.9250936862853749
 -0.1193787717029912 -0.9258538864989844
 -0.1128858357046216 -0.9265691081287133
 -0.1063877336878831 -0.9272393044992949
 -0.09988477990781519 -0.9278644311542916
 -0.09337728904261941 -0.9284444458604347
 -0.08686557617750679 -0.9289793086118414
 -0.08034995678850206 -0.9294689816341076
 -0.07383074672620571 -0.9299134293882778
 -0.06730826219951465 -0.9303126185746894
 -0.06078281975930276 -0.9306665181366925
 -0.05425473628206234 -0.9309750992642457
 -0.04772432895350739 -0.931238335397384
 -0.04119191525213994 -0.9314562022295623
 -0.03465781293278036 -0.9316286777108721
 -0.02812234001006279 -0.9317557420511308
 -0.0215858147418967 -0.9318373777228435
 -0.01504855561289575 -0.9318735694640382
 -0.008510881317774928 -0.9318643042809724
 -0.001973110744717108 -0.9318095714507109
 0.004564437041289927 -0.9317093625235753
 0.01110144281514484 -0.9315636713254641
 0.01763758720835143 -0.9313724939600447
 0.02417255072576356 -0.9311358288108135
 0.0307060137623552 -0.9308536765430278
 0.03723765662001445 -0.930526040105507
 0.04376715952436053 -0.9301529247323032
 0.05029420264158246 -0.9297343379442399
 0.05681846609529857 -0.9292702895503214
 0.06333962998343537 -0.92876079164901
 0.06985737439512503 -0.9282058586293713
 0.07637137942762005 -0.9276055071720882
 0.08288132520322417 -0.9269597562503427
 0.0893868918862383 -0.926268627130566
 0.09588775969992037 -0.9255321433730553
 0.102383608943458 -0.9247503308324584
 0.1088741200089528 -0.9239232176581258
 0.1153589733984149 -0.9230508342943299
 0.1218378497407677 -0.9221332134803507
 0.1283104298088596 -0.9211703902504288
 0.1347763945364839 -0.9201624019335846
 0.1412354250354039 -0.9191092881533045
 0.1476872026123833 -0.9180110908270933
 0.1541314087862198 -0.9168678541658933
 0.1605677253047816 -0.9156796246733693
 0.1669958341620449 -0.9144464511450598
 0.1734154176151319 -0.9131683846673954
 0.1798261582013473 -0.9118454786165814
 0.1862277387552134 -0.9104777886573486
 0.1926198424255012 -0.9090653727415686
 0.1990021526922579 -0.9076082911067361
 0.205374353383828 -0.9061066062743166
 0.2117361286938678 -0.9045603830479608
 0.2180871631983531 -0.9029696885115848
 0.2244271418725759 -0.9013345920273157
 0.2307557501081326 -0.8996551652333055
 0.2370726737299002 -0.8979314820414083
 0.243377599013 -0.8961636186347263
 0.2496702126997475 -0.8943516534650211
 0.255950202016588 -0.8924956672499913
 0.2622172546910154 -0.890595742970417
 0.2684710589684752 -0.8886519658671708
 0.2747113036292477 -0.8866644234380963
 0.2809376780053129 -0.8846332054347521
 0.2871498719971949 -0.882558403859025
 0.2933475760907834 -0.8804401129596081
 0.2995304813741339 -0.8782784292283478
 0.3056982795542431 -0.8760734513964581
 0.3118506629737993 -0.8738252804306029
 0.3179873246279063 -0.8715340195288455
 0.3241079581807809 -0.8691997741164672
 0.3302122579824208 -0.8668226518416539
 0.336299919085243 -0.8644027625710512
 0.3423706372606927 -0.8619402183851891
 0.3484241090158182 -0.859435133573775
 0.3544600316098149 -0.8568876246308568
 0.3604781030705336 -0.8542978102498554
 0.3664780222109547 -0.8516658113184671
 0.3724594886456252 -0.848991750913437
 0.3784222028070586 -0.846275754295202
 0.3843658659620967 -0.8435179489024054
 0.3902901802282307 -0.8407184643462828
 0.3961948485898825 -0.8378774324049195
 0.4020795749146439 -0.8349949870173795
 0.4079440639694722 -0.8320712642777074
 0.4137880214368432 -0.829106402428803
 0.4196111539308575 -0.8261005418561682
 0.4254131690133013 -0.8230538250815285
 0.4311937752096611 -0.8199663967563279
 0.4369526820250875 -0.8168384036550977
 0.4426895999603122 -0.8136699946687008
 0.448404240527513 -0.8104613207974507
 0.4540963162661281 -0.8072125351441065
 0.4597655407586168 -0.8039237929067431
 0.4654116286461684 -0.8005952513714991
 0.4710342956443546 -0.7972270699052011
 0.4766332585587275 -0.793819409947866
 0.4822082353003602 -0.7903724350050801
 0.4877589449013304 -0.7868863106402583
 0.4932851075301443 -0.783361204466781
 0.4987864445071019 -0.7797972861400115
 0.5042626783196004 -0.776194727349193
 0.509713532637377 -0.7725537018092262
 0.515138732327688 -0.7688743852523282
 0.5205380034704251 -0.7651569554195735
 0.5259110733731657 -0.7614015920523162
 0.5312576705861589 -0.7576084768834966
 0.5365775249172446 -0.7537777936288302
 0.5418703674467039 -0.7499097279778809
 0.5471359305420421 -0.7460044675850193
 0.552373947872702 -0.7420622020602657
 0.5575841544247061 -0.7380831229600199
 0.5627662865152281 -0.7340674237776762
 0.5679200818070923 -0.7300152999341274
 0.5730452793231986 -0.7259269487681548
 0.5781416194608745 -0.7218025695267077
 0.5832088440061515 -0.717642363355072
 0.588246696147966 -0.7134465332869284
 0.5932549204922822 -0.709215284234301
 0.5982332630761392 -0.7049488229773974
 0.6031814713816176 -0.7006473581543405
 0.6080992943497276 -0.6963111002507933
 0.6129864823942168 -0.6919402615894761
 0.617842787415296 -0.6875350563195781
 0.6226679628132841 -0.6830957004060648
 0.6274617635021692 -0.6786224116188789
 0.6322239459230867 -0.6741154095220393
 0.636954268057712 -0.6695749154626358
 0.6416524894415687 -0.665001152559722
 0.64631837117725 -0.6603943456931068
 0.6509516759475537 -0.6557547214920449
 0.6555521680285289 -0.6510825083238272
 0.6601196133024347 -0.6463779362822722
 0.6646537792706092 -0.6416412371761194
 0.6691544350662482 -0.6368726445173239
 0.6736213514670942 -0.6320723935092556
 0.6780543009080324 -0.6272407210348011
 0.6824530574935953 -0.6223778656443716
 0.686817397010374 -0.6174840675438152
 0.6911470969393355 -0.6125595685822365
 0.6954419364680461 -0.607604612239723
 0.6997016965027987 -0.6026194436149799
 0.7039261596806452 -0.5976043094128738
 0.7081151103813317 -0.5925594579318857
 0.7122683347391366 -0.5874851390514753
 0.7163856206546108 -0.5823816042193563
 0.7204667578062187 -0.5772491064386842
 0.724511537661882 -0.5720879002551577
 0.7285197534904208 -0.5668982417440329
 0.7324912003728958 -0.5616803884970545
 0.7364256752138497 -0.5564345996093006
 0.7403229767524453 -0.5511611356659458
 0.7441829055735033 -0.5458602587289416
 0.748005264118435 -0.5405322323236145
 0.7517898566960728 -0.5351773214251841
 0.7555364894933966 -0.5297957924452024
 0.7592449705861543 -0.5243879132179116
 0.7629151099493787 -0.5189539529865271
 0.7665467194677972 -0.5134941823894419
 0.7701396129461355 -0.5080088734463545
 0.7736936061193154 -0.5024982995443229
 0.7772085166625433 -0.4969627354237438
 0.7806841642012927 -0.4914024571642579
 0.7841203703211769 -0.4858177421705838
 0.7875169585777132 -0.4802088691582796
 0.7908737545059782 -0.4745761181394351
 0.7941905856301524 -0.4689197704082929
 0.7974672814729546 -0.4632401085268019
 0.8007036735649662 -0.457537416310103
 0.803899595453843 -0.4518119788119478
 0.8070548827134167 -0.4460640823100515
 0.8101693729526825 -0.4402940142913808
 0.8132429058246766 -0.4345020634373788
 0.8162753230352378 -0.4286885196091253
 0.8192664683516582 -0.4228536738324367
 0.8222161876112186 -0.4169978182829038
 0.8251243287296111 -0.41112124627087
 0.8279907417092446 -0.4052242522263502
 0.8308152786474392 -0.3993071316838916
 0.8335977937445022 -0.3933701812673771
 0.8363381433116895 -0.3874136986747729
 0.8390361857790518 -0.3814379826628203
 0.8416917817031633 -0.3754433330316734
 0.844304793774735 -0.3694300506094836
 0.8468750868261101 -0.3633984372369315
 0.8494025278386428 -0.3573487957517072
 0.8518869859499595 -0.351281429972941
 0.8543283324611022 -0.3451966446855835
 0.856726440843554 -0.3390947456247381
 0.8590811867461459 -0.3329760394599452
 0.8613924480018456 -0.3268408337794208
 0.8636601046344269 -0.3206894370742483
 0.8658840388650207 -0.3145221587225269
 0.8680641351185467 -0.3083393089734754
 0.8702002800300246 -0.3021411989314939
 0.8722923624507667 -0.2959281405401833
 0.8743402734544504 -0.2897004465663247
 0.8763439063430705 -0.2834584305838181
 0.8783031566527711 -0.2772024069575837
 0.8802179221595571 -0.2709326908274236
 0.8820881028848853 -0.2646495980918482
 0.8839136011011346 -0.2583534453918658
 0.8856943213369555 -0.2520445500947374
 0.8874301703824978 -0.2457232302776979
 0.8891210572945184 -0.2393898047116439
 0.8907668934013666 -0.2330445928447893
 0.8923675923078483 -0.2266879147862907
 0.8939230698999696 -0.2203200912898416
 0.8954332443495574 -0.2139414437372379
 0.8968980361187588 -0.2075522941219155
 0.8983173679644199 -0.2011529650324603
 0.8996911649423398 -0.1947437796360915
 0.9010193544114066 -0.1883250616621204
 0.9023018660376081 -0.1818971353853845
 0.9035386317979223 -0.1754603256096576
 0.9047295859840847 -0.1690149576510381
 0.9058746652062353 -0.1625613573213156
 0.9069738083964408 -0.1560998509113163
 0.9080269568120974 -0.1496307651742298
 0.9090340540392097 -0.1431544273089158
 0.9099950459955476 -0.1366711649431944
 0.9109098809336826 -0.1301813061171185
 0.9117785094438996 -0.1236851792662305
 0.9126008844569886 -0.1171831132048044
 0.9133769612469134 -0.1106754371090732
 0.9141066974333585 -0.1041624805004436
 0.9147900529841541 -0.09764457322869813
 0.9154269902175785 -0.0911220454551861
 0.9160174738045402 -0.08459522763600417
 0.9165614707706367 -0.07806445050516732
 0.9170589504980917 -0.07153004505777112
 0.9175098847275718 -0.06499234253314654
 0.9179142475598807 -0.05845167439800773
 0.9182720154575321 -0.05190837232959408
 0.9185831672462013 -0.0453627681988071
 0.9188476841160552 -0.0388151940533433
 0.9190655496229632 -0.03226598210082382
 0.9192367496895831 -0.02571546469192169
 0.9193612726063304 -0.0191639743034876
 0.919439109032224 -0.01261184352167515
 0.9194702519956133 -0.006059405025066364
 0.9194546968947822 0.0004930084322017089
 0.9193924414984365 0.007045064037308276
 0.9192834859460676 0.01359642893561726
 0.9191278327481986 0.02014677024754199
 0.9189254867865098 0.0266957550854053
 0.9186764553138445 0.03324305057029422
 0.9183807479540953 0.03978832384890828
 0.9180383767019725 0.04633124211040079
 0.9176493559226515 0.05287147260321205
 0.9172137023513022 0.05940868265189379
 0.916731435092501 0.06594253967392401
 0.9162025756195222 0.07247271119651126
 0.9156271477735133 0.07899886487338771
 0.915005177762551 0.08552066850159004
 0.9143366941605803 0.09203779003822754
 0.9136217279062356 0.09854989761723629
 0.9128603123015452 0.1050566595661189
 0.9120524830105178 0.1115577444226692
 0.9111982780576137 0.1180528209516798
 0.9102977378260982 0.1245415581616344
 0.9093509050562802 0.1310236253213806
 0.9083578248436333 0.1374986919767856
 0.9073185446368023 0.1439664279673716
 0.9062331142354946 0.1504265034429319
 0.9051015857882555 0.1568785888801259
 0.9039240137901292 0.1633223550990524
 0.9027004550802059 0.1697574732798005
 0.9014309688390539 0.1761836149789781
 0.9001156165860378 0.1826004521462153
 0.8987544621765235 0.1890076571406444
 0.8973475717989701 0.195404902747354
 0.8958950139719084 0.2017918621938169
 0.8943968595408065 0.2081682091662915
 0.8928531816748241 0.2145336178261955
 0.8912640558634538 0.2208877628264514
 0.8896295599130514 0.2272303193278031
 0.8879497739432543 0.2335609630151025
 0.8862247803832892 0.2398793701135658
 0.8844546639681697 0.2461852174049994
 0.8826395117347828 0.2524781822439923
 0.8807794130178653 0.2587579425740783
 0.8788744594458718 0.2650241769438628
 0.8769247449367322 0.2712765645231172
 0.8749303656935012 0.277514785118838
 0.8728914201998987 0.2837385191912711
 0.8708080092157423 0.2899474478699
 0.8686802357722725 0.2961412529693971
 0.8665082051673694 0.3023196170055385
 0.8642920249606636 0.3084822232110802
 0.8620318049685394 0.3146287555515962
 0.8597276572590327 0.3207588987412772
 0.857379696146622 0.3268723382586894
 0.8549880381869152 0.3329687603624933
 0.8525528021712299 0.3390478521071209
 0.8500741091210701 0.3451093013584108
 0.8475520822824983 0.3511527968092026
 0.8449868471204035 0.3571780279948859
 0.8423785313126655 0.3631846853089079
 0.8397272647442168 0.3691724600182356
 0.8370331795010011 0.3751410442787733
 0.8342964098638304 0.3810901311507353
 0.8315170923021391 0.3870194146139719
 0.8286953654676374 0.3929285895832493
 0.8258313701878637 0.3988173519234817
 0.8229252494596357 0.4046853984649165
 0.8199771484424023 0.4105324270182707
 0.8169872144514946 0.4163581363898182
 0.8139555969512788 0.422162226396428
 0.810882447548209 0.4279443978805524
 0.8077679199837822 0.4337043527251639
 0.8046121701273947 0.439441793868642
 0.8014153559691013 0.4451564253196074
 0.7981776376122774 0.4508479521717044
 0.7948991772661839 0.4565160806183307
 0.7915801392384354 0.4621605179673132
 0.7882206899273737 0.4677809726555307
 0.784820997814345 0.4733771542634817
 0.7813812334558814 0.4789487735297974
 0.7779015694757899 0.4844955423656996
 0.7743821805571447 0.490017173869402
 0.7708232434341876 0.4955133823404559
 0.7672249368841345 0.5009838832940382
 0.7635874417188891 0.5064283934751824
 0.7599109407766642 0.5118466308729511
 0.7561956189135107 0.5172383147345511
 0.7524416629947565 0.5226031655793882
 0.7486492618863524 0.527940905213064
 0.7448186064461289 0.5332512567413112
 0.7409498895149622 0.5385339445838702
 0.7370433059078509 0.5437886944883032
 0.7330990524049033 0.5490152335437489
 0.729117327742235 0.5542132901946131
 0.7250983326027802 0.5593825942541989
 0.7210422696070136 0.5645228769182739
 0.7169493433035844 0.5696338707785725
 0.7128197601598657 0.5747153098362379
 0.7086537285524146 0.5797669295151964
 0.704451458757348 0.5847884666754699
 0.7002131629406326 0.5897796596264223
 0.6959390551482888 0.5947402481399401
 0.6916293512965114 0.5996699734635484
 0.6872842691617046 0.60456857833346
 0.6829040283704343 0.6094358069875575
 0.6784888503892965 0.614271405178309
 0.6740389585147031 0.6190751201856159
 0.6695545778625854 0.6238467008295931
 0.6650359353580153 0.6285858974832802
 0.6604832597247451 0.6332924620852844
 0.6558967814746669 0.6379661481523552
 0.6512767328971905 0.6426067107918875
 0.6466233480485417 0.6472139067143569
 0.6419368627409813 0.6517874942456826
 0.6372175145319439 0.6563272333395219
 0.6324655427130991 0.6608328855894916
 0.6276811882993334 0.6653042142413187
 0.6228646940176555 0.6697409842049195
 0.6180163042960232 0.6741429620664059
 0.6131362652520932 0.6785099161000195
 0.6082248246818961 0.6828416162799926
 0.6032822320484336 0.6871378342923353
 0.5983087384702009 0.6913983435465497
 0.5933045967096349 0.6956229191872698
 0.5882700611614855 0.699811338105826
 0.5832053878411158 0.7039633789517362
 0.5781108343727255 0.7080788221441209
 0.5729866599775041 0.7121574498830426
 0.5678331254617084 0.7161990461607699
 0.5626504932046699 0.7202033967729647
 0.5574390271467292 0.7241702893297941
 0.5521989927770996 0.7280995132669634
 0.546930657121659 0.7319908598566736
 0.5416342887306719 0.7358441222185
 0.536310157666441 0.7396590953301944
 0.5309585354908898 0.7434355760384066
 0.5255796952530756 0.7471733630693306
 0.5201739114766329 0.7508722570392683
 0.5147414601471511 0.754532060465117
 0.509282618699481 0.7581525777747751
 0.5037976660049774 0.7617336153174692
 0.4982868823586726 0.7652749813740004
 0.4927505494663835 0.7687764861669099
 0.487188950431754 0.7722379418705644
 0.4816023697432312 0.7756591626211596
 0.4759910932609758 0.7790399645266425
 0.4703554082037093 0.7823801656765521
 0.464695603135496 0.7856795861517772
 0.4590119679524612 0.7889380480342331
 0.453304793869447 0.7921553754164535
 0.4475743734066045 0.7953313944111023
 0.4418210003759238 0.7984659331603988
 0.436044969867702 0.8015588218454616
 0.4302465782369501 0.8046098926955674
 0.4244261230897381 0.8076189799973258
 0.4185839032694805 0.8105859201037701
 0.4127202188431608 0.8135105514433624
 0.4068353710874965 0.8163927145289139
 0.4009296624750449 0.8192322519664197
 0.3950033966602504 0.8220290084638081
 0.3890568784654331 0.8247828308396039
 0.3830904138667192 0.8274935680315048
 0.3771043099799143 0.8301610711048717
 0.3710988750463199 0.8327851932611323
 0.3650744184184924 0.8353657898460972
 0.3590312505459471 0.837902718358188
 0.3529696829608056 0.8403958384565788
 0.3468900282633881 0.842845011969249
 0.3407926001077514 0.8452501029009477
 0.3346777131871717 0.8476109774410698
 0.3285456832195742 0.8499275039714433
 0.3223968269329087 0.8521995530740271
 0.3162314620504725 0.8544269975385189
 0.3100499072761801 0.8566097123698752
 0.3038524822797818 0.8587475747957394
 0.2976395076820292 0.8608404642737805
 0.2914113050397906 0.8628882624989408
 0.2851681968311147 0.8648908534105939
 0.2789105064402446 0.8668481231996099
 0.2726385581425814 0.8687599603153305
 0.2663526770895982 0.8706262554724525
 0.2600531892937052 0.872446901657818
 0.2537404216130666 0.8742217941371144
 0.2474147017363681 0.8759508304614804
 0.2410763581675383 0.8776339104740198
 0.2347257202104209 0.8792709363162228
 0.228363117953402 0.8808618124342925
 0.2219888822539895 0.88240644558538
 0.215603344723347 0.8839047448437236
 0.2092068377107824 0.8853566216066959
 0.2027996942881912 0.8867619896007545
 0.1963822482344551 0.8881207648872997
 0.1899548340197964 0.8894328658684368
 0.1835177867900889 0.8906982132926428
 0.1770714423511253 0.8919167302603379
 0.1706161371528414 0.8930883422293618
 0.1641522082734987 0.8942129770203537
 0.1576799934038244 0.8952905648220356
 0.1511998308311101 0.8963210381963996
 0.1447120594232692 0.897304332083799
 0.1382170186128541 0.8982403838079405
 0.1317150483810328 0.8991291330807812
 0.1252064892415265 0.899970522007327
 0.1186916822245066 0.9007644950903327
 0.1121709688604545 0.9015109992349054
 0.1056446911639819 0.9022099837530079
 0.09911319161761371 0.9028614003678642
 0.0925768131555333 0.9034652032182673
 0.08603589914729089 0.904021348862785
 0.07949079338147538 0.9045297962838686
 0.07294184004935018 0.9049905068918618
 0.06638938372845324 0.9054034445289073
 0.05983376936616214 0.9057685754727566
 0.05327534226322442 0.906085868440476
 0.04671444805725366 0.9063552945920541
 0.04015143270619186 0.9065768275339071
 0.03358664247173855 0.9067504433222828
 0.02702042390274701 0.9068761204665641
 0.02045312381858822 0.9069538399324687
 0.01388508929248287 0.9069835851451482
 0.007316667634802038 0.9069653419921848
 0.0007482063763369103 0.9068990988264841
 -0.005819946748461978 0.9067848464690657
 -0.01238744381827542 0.9066225782117509
 -0.01895393674173576 0.9064122898197466
 -0.02551907727427607 0.9061539795341254
 -0.03208251703500789 0.9058476480742007
 -0.03864390752362702 0.9054932986397998
 -0.04520290013734685 0.9050909369134305
 -0.05175914618785871 0.904640571062343
 -0.05831229691831892 0.9041422117404877
 -0.06486200352036177 0.9035958720903667
 -0.0714079171511382 0.9030015677447801
 -0.07794968895037949 0.9023593168284658
 -0.08448697005748565 0.9016691399596342
 -0.09101941162863772 0.9009310602513946
 -0.09754666485393382 0.9001451033130772
 -0.1040683809745482 0.899311297251446
 -0.1105842112999129 0.8984296726718053
 -0.1170938072249213 0.8975002626789987
 -0.1235968202471536 0.8965231028783004
 -0.1300929019841227 0.8954982313761974
 -0.1365817041905412 0.8944256887810648
 -0.1430628787756084 0.8933055182037305
 -0.1495360778203156 0.8921377652579333
 -0.1560009535947725 0.8909224780606702
 -0.1624571585755494 0.8896597072324339
 -0.1689043454630397 0.8883495058973426
 -0.1753421671988378 0.886991929683157
 -0.1817702769831353 0.8855870367211892
 -0.1881883282921321 0.8841348876461006
 -0.1945959748954643 0.8826355455955873
 -0.200992870873647 0.8810890762099575
 -0.207378670635531 0.8794955476315938
 -0.2137530289357743 0.8778550305043072
 -0.2201156008923271 0.8761675979725773
 -0.2264660420039293 0.87443332568068
 -0.2328040081676206 0.8726522917717047
 -0.2391291556962623 0.870824576886456
 -0.2454411413360707 0.8689502641622455
 -0.2517396222841605 0.8670294392315675
 -0.2580242562060989 0.8650621902206627
 -0.2642947012534688 0.8630486077479675
 -0.2705506160814409 0.8609887849224501
 -0.2767916598663546 0.8588828173418306
 -0.283017492323306 0.8567308030906882
 -0.2892277737237434 0.8545328427384524
 -0.2954221649130691 0.8522890393372796
 -0.3016003273282475 0.8499994984198135
 -0.307761923015418 0.847664327996831
 -0.3139066146475128 0.8452836385547711
 -0.3200340655418794 0.8428575430531484
 -0.3261439396779051 0.8403861569218496
 -0.3322359017146463 0.8378695980583128
 -0.338309617008458 0.8353079868245913
 -0.3443647516306262 0.8327014460442982
 -0.3504009723850011 0.8300501009994354
 -0.3564179468256298 0.8273540794271038
 -0.3624153432743897 0.824613511516095
 -0.3683928308386203 0.8218285299033656
 -0.374350079428753 0.818999269670393
 -0.3802867597759396 0.816125868339412
 -0.3862025434496769 0.8132084658695319
 -0.3920971028754279 0.8102472046527353
 -0.3979701113522392 0.8072422295097571
 -0.4038212430703524 0.8041936876858429
 -0.4096501731288107 0.8011017288463884
 -0.4154565775530587 0.7979665050724583
 -0.4212401333125353 0.7947881708561841
 -0.4270005183382587 0.7915668830960421
 -0.4327374115404029 0.7883028010920088
 -0.4384504928258651 0.7849960865405973
 -0.4441394431158235 0.7816469035297707
 -0.4498039443632841 0.7782554185337341
 -0.4554436795706162 0.7748218004076045
 -0.4610583328070759 0.7713462203819592
 -0.4666475892263173 0.7678288520572616
 -0.4722111350838892 0.7642698713981636
 -0.4777486577547188 0.7606694567276866
 -0.4832598457505786 0.7570277887212781
 -0.4887443887375397 0.7533450504007457
 -0.4942019775534072 0.7496214271280682
 -0.499632304225138 0.7458571065990814
 -0.5050350619862423 0.7420522788370423
 -0.5104099452941639 0.7382071361860665
 -0.5157566498476431 0.7343218733044438
 -0.5210748726040578 0.730396687157828
 -0.526364311796744 0.7264317770123022
 -0.5316246669522943 0.7224273444273197
 -0.5368556389078331 0.7183835932485185
 -0.5420569298282691 0.714300729600413
 -0.5472282432235228 0.7101789618789573
 -0.5523692839657289 0.7060185007439854
 -0.5574797583064131 0.701819559111524
 -0.5625593738936405 0.6975823521459806
 -0.5676078397891391 0.693307097252204
 -0.5726248664853917 0.6889940140674199
 -0.5776101659227006 0.6846433244530393
 -0.5825634515062214 0.6802552524863408
 -0.5874844381229647 0.6758300244520251
 -0.5923728421587684 0.6713678688336444
 -0.5972283815152337 0.6668690163049028
 -0.6020507756266309 0.6623336997208308
 -0.6068397454767679 0.657762154108832
 -0.611595013615825 0.6531546166596025
 -0.6163163041771527 0.6485113267179228
 -0.6210033428940315 0.6438325257733214
 -0.6256558571163956 0.639118457450612
 -0.6302735758275154 0.6343693675003007
 -0.6348562296606414 0.6295855037888674
 -0.6394035509156063 0.6247671162889171
 -0.6439152735753865 0.619914457069205
 -0.6483911333226191 0.6150277802845309
 -0.6528308675560774 0.6101073421655073
 -0.6572342154071004 0.6051534010081985
 -0.6616009177559762 0.6001662171636299
 -0.6659307172482805 0.5951460530271705
 -0.6702233583111668 0.5900931730277855
 -0.674478587169608 0.5850078436171608
 -0.6786961518625889 0.5798903332586985
 -0.6828758022592482 0.5747409124163834
 -0.6870172900749691 0.5695598535435207
 -0.6911203688874183 0.5643474310713456
 -0.69518479415253 0.5591039213975023
 -0.6992103232204373 0.5538296028743965
 -0.7031967153513474 0.5485247557974162
 -0.7071437317313607 0.5431896623930254
 -0.7110511354882322 0.5378246068067288
 -0.7149186917070752 0.5324298750909071
 -0.7187461674460051 0.5270057551925226
 -0.7225333317517224 0.5215525369406977
 -0.7262799556750356 0.5160705120341637
 -0.7299858122863195 0.5105599740285796
 -0.7336506766909126 0.5050212183237245
 -0.7372743260444475 0.4994545421505596
 -0.7408565395681168 0.4938602445581617
 -0.7443970985638723 0.488238626400529
 -0.7478957864295557 0.4825899903232569
 -0.7513523886739619 0.4769146407500878
 -0.7547666929318307 0.4712128838693296
 -0.7581384889787683 0.4654850276201487
 -0.7614675687460968 0.4597313816787327
 -0.7647537263356299 0.4539522574443269
 -0.7679967580343755 0.4481479680251421
 -0.7711964623291616 0.4423188282241342
 -0.7743526399211861 0.4364651545246577
 -0.7774650937404898 0.4305872650759903
 -0.7805336289603495 0.4246854796787313
 -0.7835580530115921 0.4187601197700723
 -0.7865381755968269 0.4128115084089412
 -0.7894738087045973 0.4068399702610199
 -0.7923647666234472 0.400845831583635
 -0.7952108659559051 0.3948294202105226
 -0.7980119256323812 0.3887910655364669
 -0.8007677669249785 0.3827310985018127
 -0.8034782134612165 0.3766498515768533
 -0.8061430912376647 0.3705476587460918
 -0.8087622286334872 0.3644248554923784
 -0.8113354564238957 0.3582817787809223
 -0.8138626077935094 0.3521187670431797
 -0.8163435183496225 0.3459361601606169
 -0.818778026135376 0.3397342994483502
 -0.8211659716428341 0.3335135276386616
 -0.8235071978259628 0.3272741888643921
 -0.8258015501135108 0.321016628642211
 -0.8280488764217908 0.3147411938557639
 -0.83024902716736 0.3084482327386973
 -0.8324018552795986 0.3021380948575624
 -0.8345072162131856 0.2958111310945969
 -0.8365649679604701 0.289467693630386
 -0.8385749710637374 0.2831081359264026
 -0.8405370886273676 0.2767328127074276
 -0.8424511863298876 0.27034207994385
 -0.8443171324359129 0.2639362948338485
 -0.8461347978079797 0.257515815785453
 -0.8479040559182658 0.2510810023984887
 -0.8496247828601978 0.2446322154464024
 -0.8512968573599455 0.2381698168579703
 -0.8529201607878002 0.2316941696988898
 -0.854494577169437 0.2252056381532549
 -0.85601999319706 0.2187045875049153
 -0.8574962982404284 0.2121913841187202
 -0.8589233843577615 0.2056663954216482
 -0.8603011463065244 0.1991299898838216
 -0.8616294815540904 0.1925825369994082
 -0.8629082902882782 0.1860244072674099
 -0.8641374754277674 0.1794559721723386
 -0.8653169426323842 0.1728776041647802
 -0.8664466003132631 0.1662896766418482
 -0.8675263596428773 0.1596925639275261
 -0.8685561345649407 0.1530866412529006
 -0.8695358418041792 0.1464722847362845
 -0.8704654008759679 0.1398498713632328
 -0.8713447340958368 0.1332197789664501
 -0.8721737665888409 0.1265823862055904
 -0.8729524262987941 0.1199380725469521
 -0.8736806439973658 0.1132872182430664
 -0.8743583532930403 0.1066302043121809
 -0.8749854906399356 0.09996741251763994
 -0.8755619953464804 0.0932992253471609
 -0.8760878095839519 0.08662602599200876
 -0.8765628783948671 0.07994819832606857
 -0.8769871497012316 0.07326612688481754
 -0.8773605743126421 0.06658019684419696
 -0.8776831059342418 0.05989079399938523
 -0.877954701174528 0.05319830474347278
 -0.8781753195530102 0.04650311604603952
 -0.8783449235077173 0.03980561543163618
 -0.878463478402554 0.03310619095816998
 -0.8785309525345029 0.02640523119519601
 -0.8785473171406737 0.01970312520211493
 -0.8785125464051964 0.01300026250627817
 -0.8784266174659583 0.006297033081001468
 -0.8782895104211823 -0.0004061726765120871
 -0.8781012083358479 -0.007108963967338682
 -0.8778616972479514 -0.0138109496130889
 -0.8775709661746041 -0.02051173807825039
 -0.8772290071179689 -0.02721093749261693
 -0.8768358150710343 -0.03390815567380292
 -0.8763913880232206 -0.04060300014984211
 -0.8758957269658241 -0.04729507818186953
 -0.8753488358972911 -0.05398399678688549
 -0.8747507218283255 -0.06066936276060048
 -0.8741013947868267 -0.06735078270035978
 -0.8734008678226565 -0.07402786302814685
 -0.8726491570122348 -0.08070021001366387
 -0.8718462814629634 -0.08736742979748881
 -0.8709922633174747 -0.09402912841430723
 -0.8700871277577065 -0.1006849118162181
 -0.8691309030087999 -0.1073343858961118
 -0.868123620342821 -0.11397715651112
 -0.8670653140823044 -0.1206128295061348
 -0.8659560216036163 -0.1272410107373973
 -0.8647957833401387 -0.1338613060961528
 -0.8635846427852721 -0.1404733215323728
 -0.8623226464952544 -0.1470766630785416
 -0.8610098440917977 -0.1536709368735056
 -0.8596462882645408 -0.1602557491863857
 -0.8582320347733152 -0.1668307064405497
 -0.8567671424502245 -0.1733954152376436
 -0.8552516732015375 -0.1799494823816819
 -0.853685692009392 -0.186492514903193
 -0.852069266933309 -0.1930241200834202
 -0.8504024691115163 -0.1995439054785767
 -0.8486853727620813 -0.2060514789441513
 -0.846918055183851 -0.2125464486592656
 -0.8451005967571987 -0.2190284231510806
 -0.8432330809445758 -0.2254970113192492
 -0.8413155942908701 -0.2319518224604166
 -0.8393482264235657 -0.2383924662927638
 -0.8373310700527078 -0.2448185529805944
 -0.8352642209706692 -0.2512296931589628
 -0.8331477780517167 -0.2576254979583417
 -0.8309818432513795 -0.2640055790293283
 -0.8287665216056168 -0.2703695485673865
 -0.8265019212297828 -0.2767170193376236
 -0.8241881533173919 -0.2830476046996012
 -0.8218253321386785 -0.2893609186321765
 -0.8194135750389545 -0.2956565757583743
 -0.8169530024367622 -0.3019341913702866
 -0.8144437378218213 -0.3081933814539986
 -0.8118859077527704 -0.3144337627145398
 -0.8092796418547012 -0.3206549526008579
 -0.8066250728164862 -0.3268565693308137
 -0.8039223363878965 -0.3330382319161956
 -0.8011715713765118 -0.339199560187752
 -0.7983729196444217 -0.3453401748202393
 -0.7955265261047142 -0.3514596973574842
 -0.7926325387177556 -0.3575577502374579
 -0.789691108487258 -0.3636339568173615
 -0.7867023894561341 -0.3696879413987189
 -0.7836665387021403 -0.3757193292524777
 -0.7805837163333057 -0.3817277466441141
 -0.7774540854831472 -0.387712820858741
 -0.7742778123056708 -0.3936741802262176
 -0.7710550659701572 -0.3996114541462576
 -0.7677860186557317 -0.4055242731135356
 -0.7644708455457194 -0.4114122687427876
 -0.7611097248217824 -0.4172750737939064
 -0.7577028376578407 -0.4231123221970272
 -0.7542503682137759 -0.4289236490776037
 -0.7507525036289165 -0.4347086907814712
 -0.7472094340153059 -0.4404670848998955
 -0.7436213524507511 -0.4461984702946056
 -0.7399884549716521 -0.4519024871228075
 -0.7363109405656126 -0.4575787768621779
 -0.7325890111638317 -0.4632269823358354
 -0.7288228716332735 -0.4688467477372876
 -0.7250127297686189 -0.4744377186553506
 -0.721158796283995 -0.4799995420990413
 -0.7172612848044851 -0.4855318665224383
 -0.7133204118574167 -0.4910343418495102
 -0.7093363968634286 -0.496506619498909
 -0.7053094621273174 -0.5019483524087269
 -0.7012398328286611 -0.5073591950612145
 -0.697127737012222 -0.5127388035074569
 -0.6929734055781274 -0.5180868353920076
 -0.6887770722718282 -0.5234029499774764
 -0.6845389736738364 -0.5286868081690708
 -0.6802593491892394 -0.5339380725390868
 -0.6759384410369926 -0.5391564073513487
 -0.6715764942389909 -0.5443414785855952
 -0.667173756608916 -0.5494929539618086
 -0.6627304787408639 -0.554610502964487
 -0.6582469139977488 -0.5596937968668552
 -0.653723318499486 -0.5647425087550136
 -0.6491599511109525 -0.5697563135520235
 -0.6445570734297262 -0.5747348880419226
 -0.6399149497736033 -0.5796779108936748
 -0.6352338471678943 -0.5845850626850472
 -0.6305140353324993 -0.5894560259264131
 -0.6257557866687615 -0.5942904850844807
 -0.6209593762461013 -0.5990881266059437
 -0.616125081788428 -0.6038486389410507
 -0.6112531836603333 -0.6085717125670944
 -0.6063439648530639 -0.6132570400118142
 -0.6013977109702748 -0.6179043158767143
 -0.5964147102135634 -0.6225132368602909
 -0.5913952533677849 -0.6270835017811693
 -0.5863396337861492 -0.6316148116011486
 -0.5812481473751008 -0.636106869448149
 -0.5761210925789794 -0.6405593806390624
 -0.5709587703644654 -0.6449720527025032
 -0.5657614842048083 -0.6493445954014566
 -0.5605295400638385 -0.6536767207558219
 -0.5552632463797647 -0.6579681430648504
 -0.5499629140487562 -0.6622185789294734
 -0.5446288564083109 -0.6664277472745195
 -0.5392613892204106 -0.6705953693708184
 -0.5338608306544613 -0.6747211688571896
 -0.5284275012700247 -0.6788048717623127
 -0.5229617239993352 -0.6828462065264786
 -0.5174638241296073 -0.6868449040232173
 -0.5119341292851344 -0.6908006975808022
 -0.5063729694091756 -0.694713323003628
 -0.5007806767456372 -0.6985825185934587
 -0.4951575858205445 -0.7024080251705456
 -0.489504033423308 -0.7061895860946118
 -0.4838203585877837 -0.7099269472857009
 -0.4781069025731287 -0.7136198572448889
 -0.4723640088444526 -0.7172680670748552
