# Created by Octave 3.2.4, Fri Jun 07 12:07:37 2013 ART <ulises@ulises-W240HU-W250HUQ>
# name: x
# type: matrix
# rows: 1501
# columns: 2
 1 0
 0.9999802609860141 0.006283123295238259
 0.9999210447233137 0.01256599854515932
 0.99982235354964 0.01884837771423832
 0.9996841913611261 0.0251300127865347
 0.9995065636121425 0.03141065577548335
 0.9992894773150828 0.03769005873368469
 0.9990329410400857 0.04396797376269308
 0.9987369649146973 0.05024415302280339
 0.9984015606234715 0.05651834874283525
 0.9980267414075084 0.06279031322991452
 0.9976125220639313 0.06905979887925173
 0.997158918945303 0.07532655818391706
 0.9966659499589803 0.0815903437446114
 0.9961336345664066 0.08785090827943315
 0.9955619937823437 0.0941080046336405
 0.9949510501740425 0.1003613857894085
 0.994300827860352 0.1066108048755811
 0.9936113525107668 0.1128560151774167
 0.992882651344414 0.1190967701463283
 0.9921147531289788 0.1253328234096168
 0.9913076881795683 0.1315639287801968
 0.9904614883575151 0.1377898402663164
 0.9895761870691194 0.1440103120812677
 0.9886518192643303 0.1502250986530905
 0.9876884214353659 0.1564339546342665
 0.9866860316152727 0.1626366349114058
 0.985644689376424 0.1688328946149228
 0.9845644358289578 0.1750224891287036
 0.9834453136191538 0.1812051740997629
 0.98228736692775 0.1873807054478904
 0.9810906414681982 0.1935488393752869
 0.9798551844848595 0.1997093323761886
 0.9785810447511395 0.2058619412464805
 0.9772682725675621 0.2120064230932975
 0.9759169197597843 0.2181425353446135
 0.9745270396765501 0.2242700357588173
 0.9730986871875841 0.2303886824342762
 0.971631918681426 0.2364982338188855
 0.9701267920632038 0.2425984487196048
 0.9685833667523485 0.2486890863119796
 0.9670017036802473 0.2547699061496488
 0.9653818652878393 0.2608406681738366
 0.9637239155231502 0.2669011327228299
 0.9620279198387669 0.27295106054144
 0.9602939451892545 0.2789902127904471
 0.9585220600285127 0.2850183510560297
 0.9567123343070734 0.2910352373591769
 0.9548648394693393 0.2970406341650829
 0.9529796484507634 0.3030343043925244
 0.9510568356749695 0.3090160114232208
 0.9490964770508139 0.3149855191111744
 0.9470986499693894 0.3209425917919939
 0.9450634333009693 0.3268869942921972
 0.9429909073918941 0.3328184919384962
 0.9408811540613996 0.338736850567061
 0.9387342565983869 0.344641836532764
 0.9365502997581342 0.350533216718404
 0.9343293697589506 0.3564107585439094
 0.9320715542787729 0.3622742299755195
 0.9297769424517034 0.3681233995349451
 0.9274456248644922 0.3739580363085068
 0.9250776935529603 0.3797779099562509
 0.9226732419983662 0.3855827907210426
 0.9202323651237156 0.3913724494376368
 0.9177551592900141 0.3971466575417247
 0.9152417222924628 0.4029051870789573
 0.9126921533565979 0.4086478107139443
 0.9101065531343731 0.4143743017392293
 0.9074850237001862 0.4200844340842395
 0.9048276685468498 0.4257779823242103
 0.9021345925815049 0.4314547216890851
 0.8994059021214795 0.4371144280723885
 0.8966417048900922 0.4427568780400736
 0.8938421100123984 0.4483818488393427
 0.8910072280108832 0.4539891184074413
 0.8881371708010974 0.4595784653804245
 0.88523205168724 0.4651496691018961
 0.8822919853576844 0.4707025096317198
 0.8793170878804515 0.4762367677547019
 0.8763074766986273 0.4817522249892453
 0.8732632706257261 0.4872486635959751
 0.8701845898410003 0.4927258665863342
 0.8670715558846961 0.4981836177311497
 0.863924291653255 0.5036217015691694
 0.8607429213944625 0.5090399034155674
 0.8575275707025427 0.5144380093704195
 0.8542783665132 0.5198158063271479
 0.8509954370986084 0.5251730819809339
 0.8476789120623471 0.5305096248370994
 0.8443289223342844 0.5358252242194562
 0.8409456001654081 0.5411196702786233
 0.8375290791226057 0.5463927540003111
 0.8340794940833905 0.5516442672135727
 0.8305969812305773 0.5568740025990229
 0.8270816780469058 0.5620817536970216
 0.8235337233096133 0.5672673149158255
 0.819953257084956 0.5724304815397036
 0.8163404207226801 0.5775710497370196
 0.8126953568504404 0.5826888165682782
 0.8090182093681701 0.5877835799941374
 0.8053091234424009 0.5928551388833843
 0.8015682455005304 0.597903293020875
 0.7977957232250427 0.6029278431154393
 0.7939917055476777 0.6079285908077482
 0.7901563426435517 0.6129053386781443
 0.7862897859252288 0.617857890254436
 0.7823921880367432 0.6227860500196537
 0.7784637028475732 0.6276896234197682
 0.774504485446567 0.6325684168713717
 0.7705146921358202 0.6374222377693198
 0.7664944804245046 0.6422508944943355
 0.7624440090226504 0.6470541964205734
 0.758363437834881 0.6518319539231456
 0.7542529279541001 0.656583978385608
 0.7501126416551316 0.6613100822074058
 0.7459427423883137 0.6660100788112803
 0.7417433947730464 0.6706837826506338
 0.7375147645912923 0.6753310092168555
 0.733257018781032 0.6799515750466052
 0.7289703254296738 0.6845452977290557
 0.7246548537674177 0.6891119959130944
 0.7203107741605747 0.6936514893144827
 0.7159382581048408 0.6981635987229733
 0.7115374782185273 0.7026481460093844
 0.7071086082357457 0.7071049541326331
 0.7026518229995491 0.7115338471467235
 0.6981672984550296 0.7159346502076933
 0.6936552116423726 0.7203071895805162
 0.6891157406898677 0.7246512926459605
 0.6845490648068759 0.7289667879074039
 0.6799553642767557 0.7332535049976039
 0.6753348204497449 0.7375112746854231
 0.670687615735802 0.7417399288825107
 0.6660139335974049 0.745939300649938
 0.6613139585423075 0.7501092242047889
 0.6565878761162565 0.7542495349267047
 0.6518358728956661 0.7583600693643828
 0.6470581364802527 0.76244066524203
 0.6422548554856278 0.7664911614657679
 0.637426219535853 0.7705113981299933
 0.6325724192559534 0.7745012165236905
 0.6276936462643922 0.7784604591366977
 0.6227900931655059 0.7823889696659242
 0.6178619535419012 0.7862865930215214
 0.6129094219468119 0.7901531753330053
 0.6079326938964187 0.7939885639553315
 0.6029319658621309 0.7977926074749204
 0.5979074352628297 0.8015651557156358
 0.5928593004570746 0.8053060597447126
 0.5877877607352727 0.8090151718786369
 0.582693016311811 0.8126923456889762
 0.5775752683171523 0.8163374360081598
 0.5724347187898952 0.8199502989352101
 0.5672715706687976 0.8235307918414236
 0.5620860277847656 0.8270787733760013
 0.5568782948528059 0.8305941034716288
 0.5516485774639452 0.8340766433500061
 0.5463970820771128 0.8375262555273265
 0.5411240160109905 0.8409428038197041
 0.5358295874358278 0.8443261533485498
 0.5305140053652241 0.8476761705458961
 0.5251774796478772 0.8509927231596704
 0.5198202209592986 0.8542756802589161
 0.5144424407934967 0.8575249122389609
 0.5090443514546271 0.8607402908265338
 0.503626166048612 0.8639216890848289
 0.4981880984747263 0.867068981418517
 0.4927303634171538 0.870182043578703
 0.4872531763365116 0.8732607526678321
 0.4817567534613447 0.8763049871445406
 0.4762413117795891 0.8793146268284548
 0.4707070690300056 0.882289552904935
 0.4651542436935844 0.8852296479297663
 0.4595830549849195 0.8881347958337952
 0.4539937228435545 0.8910048819275114
 0.4483864679253001 0.8938397929055758
 0.4427615115935227 0.8966394168512936
 0.4371190759104058 0.8994036432410323
 0.431459383628183 0.9021323629485851
 0.4257826581803447 0.9048254682494791
 0.4200891236728168 0.9074828528252279
 0.4143790048751139 0.9101044117675289
 0.4086525272114656 0.9126900415824049
 0.4029099167519173 0.9152396401942897
 0.3971514002034053 0.9177531069500581
 0.391377204900807 0.920230342622999
 0.3855875587979661 0.9226712494167332
 0.3797826904586933 0.9250757309690741
 0.3739628290477434 0.9274436923558318
 0.3681282043217679 0.9297750400945602
 0.362279046620245 0.9320696821482484
 0.356415586856386 0.934327527928953
 0.3505380565080195 0.9365484883013753
 0.344646687608453 0.9387324755863794
 0.3387417127373127 0.9408794035644542
 0.3328233650113617 0.942989187479117
 0.3268918780752971 0.9450617440402592
 0.3209474860925262 0.9470969914274352
 0.3149904237359217 0.9490948492930915
 0.3090209261785581 0.9510552387657395
 0.303039229084427 0.9529780824530687
 0.2970455685991334 0.9548633044450022
 0.2910401813405739 0.9567108303166936
 0.2850233043895945 0.9585205871314648
 0.2789951752806317 0.9602925034436857
 0.2729560319923352 0.9620265093015945
 0.2669061129381726 0.9637225362500594
 0.2608456569570176 0.9653805173332811
 0.2547749033037209 0.9670003870974361
 0.2486940916396651 0.9685820815932604
 0.2426034620233031 0.9701255383785746
 0.2365032549006812 0.9716306965207486
 0.230393711095947 0.973097496599107
 0.2242750718018416 0.9745258807072754
 0.2181475785701782 0.9759157924554659
 0.212011473302306 0.9772671769727036
 0.2058669982395605 0.9785799809089929
 0.1997143959536999 0.9798541524374232
 0.1935539093373295 0.9810896412562153
 0.1873857815943123 0.982286398590707
 0.1812102562301677 0.9834443771952787
 0.1750275770424589 0.9845635313552188
 0.1688379881111678 0.985643816888528
 0.1626417337890593 0.9866851911476637
 0.1564390586920349 0.987687613021224
 0.1502302076894756 0.9886510429355699
 0.1440154258945749 0.9895754428563885
 0.1377949586546624 0.9904607762901938
 0.1315690515415177 0.9913070082857677
 0.125337950341676 0.9921141054355398
 0.1191019010467248 0.9928820358769063
 0.1128611498435926 0.9936107692934877
 0.1066159431048299 0.9943002769163257
 0.1003665273788831 0.9949505315250192
 0.094113149380361 0.9955615074487986
 0.08785605598029513 0.9961331805675392
 0.08159549419639378 0.9966655283127137
 0.07533171118329017 0.997158529668283
 0.0690649542227853 0.9976121651715256
 0.06279547071408574 0.9980264169138066
 0.05652350816403683 0.9984012685412839
 0.05024931417735154 0.9987367052555546
 0.0439731364468356 0.9990327138142387
 0.037695222743609 0.9992892825315022
 0.03141582090732453 0.9995064012785179
 0.02513517883638351 0.9996840614838659
 0.01885354447814932 0.9998222561338717
 0.01257116581915885 0.9999209797728829
 0.006288290875332534 0.999980228503485
 5.167682183147075e-06 0.999999999986655
 -0.006277955714976142 0.9999802934418538
 -0.01256083127082411 0.9999211096470568
 -0.01884321094982382 0.9998224509387236
 -0.02512484673601457 0.9996843212117053
 -0.03140549064280309 0.9995067259190911
 -0.03768489472275355 0.9992896720719929
 -0.04396281107737602 0.9990331682392688
 -0.05023899186691306 0.9987372245471841
 -0.0565131893201239 0.9984018526790122
 -0.06278515574406598 0.9980270658745731
 -0.06905464353387339 0.9976128789297108
 -0.07532140518253178 0.9971593081957092
 -0.08158519329064949 0.9966663715786462
 -0.08784576057622438 0.9961340885386875
 -0.09410285988440605 0.9955624800893177
 -0.100356244197253 0.9949515687965113
 -0.1066056666434843 0.9943013787778413
 -0.112850880508226 0.9936119357015274
 -0.1190916392427502 0.9928832667854227
 -0.1253276964742093 0.9921154007959391
 -0.1315588060153613 0.9913083680469116
 -0.1377847218742895 0.9904622003984015
 -0.1440051982641134 0.9895769312554391
 -0.1502199896126922 0.9886525955667044
 -0.1564288505723191 0.9876892298231474
 -0.1626315360294076 0.9866868720565481
 -0.1688278011141675 0.9856455618380143
 -0.1750174012102727 0.9845653402764198
 -0.1812000919645173 0.9834462500167819
 -0.1873756292964628 0.9822883352385768
 -0.1935437694080738 0.9810916416539969
 -0.1997042687933422 0.9798562165061447
 -0.2058568842479012 0.978582108567169
 -0.2120013728786256 0.9772693681363385
 -0.2181374921132214 0.9759180470380567
 -0.2242649997098019 0.9745281986198158
 -0.2303836537664507 0.9730998777500903
 -0.2364932127307719 0.9716331408161717
 -0.2425934354094257 0.9701280457219414
 -0.2486840809776507 0.9685846518855861
 -0.2547649089887706 0.9670030202372505
 -0.2608356793836873 0.9653832132166331
 -0.2668961525003572 0.9637252947705208
 -0.2729460890832531 0.9620293303502644
 -0.2789852502928094 0.9602953869091946
 -0.2850133977148509 0.9585235328999793
 -0.2910302933700051 0.9567138382719205
 -0.2970356997230969 0.9548663744681933
 -0.3030293796925265 0.9529812144230255
 -0.3090110966596283 0.9510584325588182
 -0.3149806144780126 0.9490981047832073
 -0.3209376974828879 0.9471003084860679
 -0.3268821105003648 0.9450651225364578
 -0.3328136188567398 0.9429926272795051
 -0.3387319883877603 0.9408829045332353
 -0.3446369854478681 0.9387360375853422
 -0.3505283769194242 0.9365521111898991
 -0.3564059302219115 0.9343312115640134
 -0.3622694133211161 0.9320734263844226
 -0.3681185947382882 0.9297788447840332
 -0.3739532435592804 0.9274475573484018
 -0.3797731294436631 0.9250796561121589
 -0.3855780226338188 0.9226752345553759
 -0.3913676939640116 0.9202343875998742
 -0.3971419148694348 0.9177572116054782
 -0.402900457395234 0.915243804366211
 -0.4086430942055063 0.912694265106434
 -0.4143695985922751 0.9101086944769294
 -0.4200797444844399 0.9074871945509269
 -0.4257733064567016 0.9048298688200737
 -0.4314500597384613 0.9021368221903495
 -0.4371097802226943 0.8994081609779245
 -0.4427522444747968 0.8966439929049623
 -0.4483772297414073 0.8938444270953674
 -0.4539845139592002 0.8910095740704771
 -0.4595738757636522 0.8881395457446986
 -0.4651450944977817 0.8852344554210902
 -0.4706979502208596 0.8822944177868891
 -0.4762322237170925 0.8793195489089832
 -0.4817476965042763 0.8763099662293294
 -0.4872441508424222 0.8732657885603169
 -0.4927213697423521 0.8701871360800766
 -0.4981791369742649 0.8670741303277374
 -0.5036172370762733 0.8639268941986276
 -0.5090354553629092 0.8607455519394228
 -0.5144335779335997 0.857530229143242
 -0.5198113916811109 0.8542810527446882
 -0.5251686842999612 0.8509981510148386
 -0.5305052442948027 0.8476816535561792
 -0.5358208609887707 0.8443316912974894
 -0.5411153245318008 0.840948396488673
 -0.5463884259089131 0.8375319026955372
 -0.5516399569484639 0.8340823447945196
 -0.5568697103303639 0.8305998589673633
 -0.5620774795942628 0.8270845826957413
 -0.5672630591476998 0.8235366547558285
 -0.5724262442742204 0.8199562152128235
 -0.5775668311414577 0.8163434054154186
 -0.5826846168091796 0.8126983679902201
 -0.5877793992373004 0.8090212468361174
 -0.5928509772938568 0.8053121871186023
 -0.5978991507629485 0.8015713352640381
 -0.6029237203526422 0.7977988389538789
 -0.6079244877028388 0.7939948471188396
 -0.612901255393105 0.7901595099330162
 -0.617853826950467 0.7862929788079575
 -0.622782006857166 0.7823954063866873
 -0.627685600558378 0.7784669465376787
 -0.6325644144698935 0.7745077543487795
 -0.6374182559857607 0.7705179861210899
 -0.6422469334858883 0.7664977993627913
 -0.6470502563436109 0.7624473527829291
 -0.6518280349332144 0.7583668062851467
 -0.656580080637422 0.754256320961373
 -0.6613062058548405 0.7501160590854623
 -0.6660062240073663 0.7459461841067889
 -0.6706799495475514 0.7417468606437939
 -0.675327197965928 0.7375182544774864
 -0.6799477857982932 0.7332605325448989
 -0.6845415306329512 0.7289738629324969
 -0.689108251117915 0.7246584148695433
 -0.6936477669680655 0.7203143587214175
 -0.6981598989722692 0.7159418659828894
 -0.7026444690004523 0.7115411092713499
 -0.707101300010634 0.7071122623199955
 -0.7115302160559149 0.70265549997097
 -0.7159310422914237 0.6981709981684622
 -0.7203036049812189 0.6936589339517595
 -0.7246477315051485 0.6891194854482593
 -0.7289632503656639 0.6845528318664366
 -0.7332499911945909 0.6799591534887692
 -0.7375077847598552 0.6753386316646208
 -0.7417364629721633 0.6706914488030812
 -0.7459358588916385 0.6660177883657651
 -0.7501058067344112 0.6613178348595701
 -0.7542461418791637 0.6565917738293924
 -0.7583567008736296 0.6518397918508013
 -0.7624373214410458 0.6470620765226744
 -0.7664878424865593 0.6422588164597911
 -0.7705081041035871 0.6374302012853863
 -0.7744979475801285 0.6325764216236651
 -0.7784572154050312 0.6276976690922768
 -0.7823857512742093 0.6227941362947501
 -0.7862834000968137 0.6178660168128901
 -0.7901500080013555 0.6129135051991356
 -0.7939854223417794 0.6079367969688784
 -0.7977894917034908 0.6029360885927454
 -0.8015620659093331 0.5979115774888417
 -0.8053029960255162 0.5928634620149573
 -0.8090121343674965 0.587791941460736
 -0.8126893345058067 0.582697216039808
 -0.8163344512718369 0.577579486881886
 -0.8199473407635653 0.5724389560248249
 -0.8235278603512397 0.5672758264066458
 -0.8270758686830075 0.5620903018575241
 -0.8305912256904966 0.5568825870917429
 -0.8340737925943448 0.5516528876996114
 -0.8375234319096783 0.5464014101393486
 -0.8409400074515397 0.5411283617289325
 -0.8443233843402644 0.5358339506379156
 -0.8476734290068049 0.5305183858792073
 -0.8509900091980039 0.5251818773008218
 -0.8542729939818163 0.5198246355775937
 -0.8575222537524767 0.5144468722028619
 -0.8607376602356169 0.5090487994801193
 -0.8639190864933299 0.5036306305146317
 -0.8670664069291808 0.4981925792050252
 -0.8701794972931655 0.4927348602348415
 -0.8732582346866156 0.4872576890640628
 -0.87630249756705 0.4817612819206057
 -0.8793121657529738 0.4762458557917851
 -0.8822871204286219 0.4707116284157482
 -0.8852272441486505 0.465158818272878
 -0.8881324208427732 0.4595876445771687
 -0.8910025358203433 0.4539983272675712
 -0.8938374757748813 0.4483910869993107
 -0.8966371287885483 0.4427661451351753
 -0.8994013843365645 0.4371237237367773
 -0.9021301332915719 0.4314640455557865
 -0.904823267927943 0.4257873340251364
 -0.9074806819260333 0.4200938132502035
 -0.9101022703763785 0.4143837079999604
 -0.9126879297838365 0.4086572436981017
 -0.9152375580716731 0.4029146464141455
 -0.9177510545855913 0.3971561428545078
 -0.9202283200977053 0.3913819603535534
 -0.9226692568104581 0.3855923268646204
 -0.9250737683604817 0.3797874709510218
 -0.9274417598224021 0.3739676217770216
 -0.9297731377125859 0.3681330090987883
 -0.9320678099928315 0.3622838632553245
 -0.9343256860740026 0.3564204151593733
 -0.936546676819604 0.3505428962883027
 -0.938730694549301 0.3446515386749672
 -0.9408776530423807 0.3387465748985473
 -0.9429874675411555 0.3328282380753682
 -0.9450600547543095 0.3268967618496966
 -0.9470953328601869 0.3209523803845167
 -0.9490932215100216 0.3149953283522864
 -0.9510536418311097 0.3090258409256724
 -0.952976516429923 0.3030441537682663
 -0.9548617693951642 0.2970505030252811
 -0.956709326300764 0.2910451253142283
 -0.9585191142088191 0.2850282577155773
 -0.9602910616724718 0.2790001377633955
 -0.9620250987387307 0.2729610034359709
 -0.9637211569512319 0.2669110931464175
 -0.9653791693529421 0.2608506457332628
 -0.9669990704888012 0.2547799004510194
 -0.9685807964083067 0.2486990969607393
 -0.9701242846680387 0.2426084753205529
 -0.9716294743341243 0.2365082759761915
 -0.9730963059846438 0.2303987397514956
 -0.9745247217119765 0.2242801078389071
 -0.9759146651250862 0.2181526217899478
 -0.9772660813517479 0.2120165235056833
 -0.9785789170407141 0.2058720552271734
 -0.9798531203638208 0.1997194595259087
 -0.9810886410180334 0.1935589792942342
 -0.9822854302274331 0.1873908577357609
 -0.9834434407451419 0.1812153383557643
 -0.9845626268551881 0.1750326649515712
 -0.9856429443743114 0.1688430816029352
 -0.9866843506537065 0.1626468326624007
 -0.9876868045807072 0.1564441627456569
 -0.9886502665804092 0.1502353167218801
 -0.9895746986172328 0.1440205397040675
 -0.9904600641964241 0.1378000770393599
 -0.991306328365496 0.1315741742993564
 -0.9921134577156082 0.1253430772704195
 -0.9928814203828854 0.1191070319439721
 -0.9936101860496761 0.112866284506786
 -0.9942997259457488 0.106621081331263
 -0.9949500128494281 0.1003716689657089
 -0.9955610210886694 0.09411829412459974
 -0.9961327265420726 0.08786120367884248
 -0.9966651066398338 0.08160064464602874
 -0.9971581403646363 0.07533686418068315
 -0.9976118082524813 0.06907010956450613
 -0.9980260923934551 0.0628006281966117
 -0.9984009764324367 0.05652866758376067
 -0.9987364455697437 0.05025447533058956
 -0.9990324865617161 0.04397829912983565
 -0.9992890877212391 0.03770038675255852
 -0.9995062389182052 0.03142098603835863
 -0.9996839315799132 0.02514034488559302
 -0.9998221586914072 0.01885871124158879
 -0.9999209147957536 0.01257633309285466
 -0.999980195994256 0.006293458455290896
 -0.9999999999466097 1.033536439819714e-05
 -0.9999803258709937 -0.006272788134514306
 -0.9999211745441017 -0.01255566399612137
 -0.9998225483011113 -0.018838044184874
 -0.9996844510355922 -0.02511968068479135
 -0.9995068881993522 -0.031400325509252
 -0.9992898668022218 -0.03767973071078387
 -0.9990333954117777 -0.04395764839085276
 -0.9987374841530048 -0.0502338307096489
 -0.998402144707896 -0.05650802989587116
 -0.9980273903149912 -0.06277999825650855
 -0.9976132357688549 -0.06904948818661871
 -0.9971596974194918 -0.07531625217910279
 -0.9966667931717018 -0.08158004283447659
 -0.9961345424843723 -0.08784061287063744
 -0.9955629663697109 -0.09409771513262631
 -0.9949520873924154 -0.1003511026023851
 -0.9943019296687832 -0.1066005284085084
 -0.9936125188657591 -0.1128457458359893
 -0.992883882199922 -0.1190865083359596
 -0.9921160484364105 -0.1253225695354227
 -0.9913090478877877 -0.1315536832469802
 -0.9904629124128437 -0.1377796034785508
 -0.9895776754153384 -0.1440000844430812
 -0.9886533718426826 -0.15021488056825
 -0.9876900381845588 -0.156423746506162
 -0.98668771247148 -0.162626437143034
 -0.9856464342732889 -0.1688227076088715
 -0.9845662446975952 -0.1750123132871357
 -0.9834471863881532 -0.1811950098244005
 -0.9822893035231781 -0.1873705531399991
 -0.9810926418136021 -0.1935386994356598
 -0.9798572485012698 -0.1996992052051305
 -0.9785831723570726 -0.2058518272437921
 -0.9772704636790243 -0.2119963226582598
 -0.9759191742902747 -0.2181324488759717
 -0.9745293575370644 -0.2242599636547653
 -0.9731010682866178 -0.2303786250924408
 -0.9716343629249781 -0.2364881916363107
 -0.9701292993547803 -0.2425884220927362
 -0.9685859369929664 -0.2486790756366487
 -0.9670043367684387 -0.2547599118210573
 -0.9653845611196552 -0.2608306905865408
 -0.9637266739921643 -0.2668911722707255
 -0.9620307408360802 -0.2729411176177458
 -0.9602968286034995 -0.2789802877876901
 -0.958525005745858 -0.2850084443660296
 -0.9567153422112279 -0.2910253493730301
 -0.954867909441557 -0.2970307652731476
 -0.9529827803698477 -0.3030244549844051
 -0.9510600294172783 -0.3090061818877526
 -0.9490997324902647 -0.314975709836408
 -0.9471019669774637 -0.3209328031651802
 -0.9450668117467184 -0.3268772266997719
 -0.9429943471419436 -0.3328087457660646
 -0.940884654979955 -0.3387271261993827
 -0.9387378185472388 -0.3446321343537379
 -0.9365539225966639 -0.350523537111053
 -0.9343330533441355 -0.3564011018903653
 -0.9320752984651922 -0.3622645966570079
 -0.9297807470915442 -0.3681137899317706
 -0.9274494898075548 -0.3739484508000375
 -0.9250816186466643 -0.3797683489209036
 -0.9226772270877567 -0.3855732545362682
 -0.9202364100514691 -0.3913629384799051
 -0.9177592638964447 -0.3971371721865095
 -0.915245886415529 -0.4028957277007217
 -0.9126963768319082 -0.408638377686126
 -0.910110835795193 -0.4143648954342256
 -0.9074893653774448 -0.4200750548733927
 -0.9048320690691461 -0.4257686305777932
 -0.902139051775115 -0.4314453977762863
 -0.8994104198103634 -0.4371051323612976
 -0.8966462808959004 -0.4427476108976668
 -0.8938467441544793 -0.4483726106314687
 -0.8910119201062899 -0.4539799094988062
 -0.8881419206645954 -0.459569286134578
 -0.8852368591313139 -0.4651405198812167
 -0.8822968501925459 -0.4706933907974007
 -0.8793220099140465 -0.4762276796667366
 -0.8763124557366435 -0.4817431680064137
 -0.8732683064716009 -0.487239638075829
 -0.8701896822959284 -0.4927168728851833
 -0.8670767047476374 -0.4981746562040476
 -0.8639294967209427 -0.5036127725698994
 -0.8607481824614106 -0.5090310072966288
 -0.8575328875610547 -0.5144291464830135
 -0.8542837389533771 -0.519806977021164
 -0.851000864908357 -0.5251642866049355
 -0.847684395027388 -0.5305008637383107
 -0.8443344602381609 -0.5358164977437482
 -0.8409511927894949 -0.5411109787705
 -0.8375347262461169 -0.546384097802896
 -0.8340851954833888 -0.5516356466685955
 -0.8306027366819825 -0.5568654180468057
 -0.8270874873225041 -0.5620732054764656
 -0.8235395861800661 -0.5672588033643974
 -0.8199591733188089 -0.5724220069934228
 -0.8163463900863716 -0.5775626125304445
 -0.8127013791083117 -0.5826804170344932
 -0.8090242842824747 -0.5877752184647396
 -0.805315250773313 -0.5928468156884702
 -0.8015744250061551 -0.5978950084890281
 -0.7978019546614251 -0.6029195975737166
 -0.7939979886688131 -0.6079203845816673
 -0.7901626772013949 -0.6128971720916708
 -0.7862961716697038 -0.6178497636299707
 -0.7823986247157533 -0.6227779636780196
 -0.7784701902070111 -0.6276815776801983
 -0.7745110232303248 -0.6325604120514958
 -0.7705212800857989 -0.6374142741851526
 -0.7665011182806248 -0.6422429724602634
 -0.7624506965228628 -0.6470463162493427
 -0.7583701747151763 -0.6518241159258501
 -0.7542597139485194 -0.6565761828716762
 -0.7501194764957774 -0.6613023294845892
 -0.74594962580536 -0.6660023691856409
 -0.7417503264947495 -0.6706761164265327
 -0.7375217443440014 -0.67532338669694
 -0.7332640462892003 -0.6799439965317974
 -0.728977400415869 -0.6845377635185403
 -0.7246619759523332 -0.6891045063043073
 -0.7203179432630407 -0.693644044603099
 -0.7159454738418355 -0.6981561992028954
 -0.7115447403051877 -0.7026407919727309
 -0.7071159163853789 -0.7070976458697267
 -0.7026591769236437 -0.7115265849460801
 -0.6981746978632671 -0.7159274343560103
 -0.6936626562426391 -0.7203000203626611
 -0.6891232301882649 -0.7246441703449599
 -0.6845565989077333 -0.7289597128044322
 -0.6799629426826419 -0.7332464773719721
 -0.6753424428614794 -0.7375042948145681
 -0.670695281852467 -0.741732997041984
 -0.6660216431163569 -0.745932417113395
 -0.6613217111591901 -0.7501023892439781
 -0.6565956715250117 -0.7542427488114569
 -0.6518437107885467 -0.7583533323626006
 -0.647066016547834 -0.7624339776196768
 -0.6422627774168205 -0.7664845234868578
 -0.6374341830179147 -0.7705048100565807
 -0.6325804239745014 -0.7744946786158597
 -0.6277016919034162 -0.7784539716525523
 -0.62279817940738 -0.7823825328615771
 -0.6178700800673963 -0.786280207151085
 -0.6129175884351088 -0.7901468406485814
 -0.6079409000251207 -0.7939822807070007
 -0.6029402113072762 -0.7977863759107331
 -0.5979157196989042 -0.8015589760816016
 -0.5928676235570253 -0.8052999322847915
 -0.5877961221705198 -0.8090090968347289
 -0.5827014157522615 -0.812686323300912
 -0.577583705431213 -0.8163314665136913
 -0.5724431932444853 -0.8199443825700012
 -0.5672800821293627 -0.8235249288390409
 -0.5620945759152898 -0.8270729639679043
 -0.556886879315826 -0.8305883478871615
 -0.5516571979205634 -0.8340709418163877
 -0.5464057381870105 -0.8375206082696425
 -0.5411327074324416 -0.8409372110608969
 -0.535838313825712 -0.8443206153094105
 -0.5305227663790409 -0.8476706874450557
 -0.5251862749397591 -0.850987295213591
 -0.5198290501820247 -0.8542703076818822
 -0.5144513035985068 -0.8575195952430712
 -0.5090532474920352 -0.8607350296216928
 -0.5036350949672199 -0.8639164838787388
 -0.4981970599220379 -0.8670638324166687
 -0.4927393570393888 -0.8701769509843692
 -0.4872622017786196 -0.8732557166820584
 -0.481765810367019 -0.8763000079661377
 -0.4762503997912809 -0.8793097046539909
 -0.4707161877889383 -0.8822846879287279
 -0.4651633928397673 -0.8852248403438757
 -0.4595922341571623 -0.888130045828015
 -0.4540029316794816 -0.8910001896893625
 -0.4483957060613648 -0.8938351586202985
 -0.4427707786650216 -0.8966348407018403
 -0.4371283715514933 -0.8993991254080603
 -0.4314687074718854 -0.9021279036104496
 -0.4257920098585751 -0.9048210675822259
 -0.4200985028163894 -0.9074785110025868
 -0.4143884111137585 -0.9101001289609065
 -0.4086619601738425 -0.9126858179608779
 -0.4029193760656317 -0.9152354759245983
 -0.3971608854950222 -0.9177490021965994
 -0.3913867157958659 -0.9202262975478207
 -0.3855970949209955 -0.9226672641795269
 -0.379792251433226 -0.9250718057271692
 -0.373972414496331 -0.9274398272641889
 -0.3681378138659957 -0.9297712353057658
 -0.3622886798807471 -0.9320659378125078
 -0.3564252434528604 -0.9343238441940853
 -0.3505477360592427 -0.9365448653128069
 -0.3446563897322953 -0.9387289134871387
 -0.3387514370507536 -0.9408759024951659
 -0.3328331111305043 -0.9429857475779966
 -0.326901645615384 -0.9450583654431073
 -0.320957274667954 -0.947093674267632
 -0.3150002329602569 -0.949091593701592
 -0.3090307556645518 -0.951052044871068
 -0.3030490784440305 -0.9529749503813139
 -0.2970554374435135 -0.9548602343198122
 -0.2910500692801279 -0.9567078222592708
 -0.2850332110339661 -0.9585176412605614
 -0.2790051002387262 -0.9602896198755988
 -0.2729659748723348 -0.9620236881501617
 -0.266916073347552 -0.9637197776266542
 -0.2608556345025594 -0.9653778213468086
 -0.2547848975915314 -0.9669977538543285
 -0.2487041022751895 -0.968579511197473
 -0.2426134886113412 -0.9701230309315815
 -0.2365132970454032 -0.9716282521215388
 -0.2304037684009087 -0.9730951153441806
 -0.2242851438700004 -0.9745235626906396
 -0.2181576650039088 -0.9759135377686314
 -0.2120215737034159 -0.9772649857046811
 -0.2058771122093057 -0.9785778531462893
 -0.1997245230928009 -0.9798520882640385
 -0.1935640492459868 -0.9810876407536387
 -0.1873959338722222 -0.9822844618379145
 -0.1812204204765384 -0.9834425042687296
 -0.175037752856026 -0.9845617223288524
 -0.1688481750902102 -0.9856420718337611
 -0.1626519315314152 -0.9866835101333877
 -0.1564492667951176 -0.987685996113802
 -0.1502404257502892 -0.9886494901988343
 -0.1440256535097305 -0.9895739543516382
 -0.137805195420394 -0.990459352076192
 -0.1315792970536979 -0.9913056484187395
 -0.1253482041958323 -0.9921128099691702
 -0.1191121628380551 -0.9928808048623378
 -0.1128714191669817 -0.9936096027793182
 -0.1066262195548652 -0.994299174948607
 -0.1003768105498706 -0.9949494941472548
 -0.09412343886634136 -0.9955605347019421
 -0.08786635137505974 -0.9961322724899928
 -0.08160579509350076 -0.9966646849403266
 -0.07534201717608041 -0.9971577510343498
 -0.06907526490439854 -0.9976114513067853
 -0.06280578567747661 -0.998025767846441
 -0.0565338270019909 -0.9984006842969171
 -0.05025963648250146 -0.9987361858572513
 -0.0439834618116771 -0.9990322592825038
 -0.03770555076051705 -0.9992888928842796
 -0.03142615116856937 -0.9995060765311901
 -0.02514551093414682 -0.9996838016492533
 -0.01886387800454025 -0.9998220612222321
 -0.01258150036623015 -0.999920849791911
 -0.006298626035096675 -0.9999801634583122
 -1.550304662839899e-05 -0.9999999998798491
 0.006267620553869585 -0.999980358273419
 0.01255049672106803 -0.9999212394144337
 0.01883287741940586 -0.9998226456367891
 0.02511451463288213 -0.9996845808327731
 0.03139516037484723 -0.999507050452912
 0.03767456669779287 -0.9992900615057552
 0.04395248570314059 -0.9990336225575982
 0.05022866955102828 -0.9987377437321451
 0.05650287047009445 -0.9984024367101084
 0.06277484076725973 -0.9980277147287482
 0.06904433283750526 -0.9976135925813492
 0.07531109917364773 -0.9971600866166371
 0.08157489237611042 -0.9966672147381332
 0.0878354651626901 -0.9961349964034474
 0.09409257037831917 -0.9955634526235098
 0.1003459610048229 -0.9949526059617416
 0.1065953901706712 -0.9943024805331647
 0.1128406111607247 -0.993613102003449
 0.1190813774259745 -0.9928844975878992
 0.1253174425932753 -0.9921166960503808
 0.131548560475072 -0.9913097277021843
 0.1377744850791186 -0.9904636244008288
 0.1439949706181895 -0.9895784195488041
 0.1502097715197825 -0.9886541480922522
 0.1564186424358139 -0.9876908465195874
 0.1626213382523038 -0.9866885528600561
 0.1688176140990533 -0.9856473066822355
 0.1750072253593113 -0.9845671490924716
 0.1811899276794314 -0.9834481227332554
 0.1873654769785183 -0.9822902717815413
 0.193533629458064 -0.9810936419470012
 0.1996941416115726 -0.9798582804702214
 0.2058467702341727 -0.9785842361208367
 0.2119912724322197 -0.9772715591956057
 0.2181274056328838 -0.9759203015164247
 0.2242549275937269 -0.9745305164282821
 0.2303735964122656 -0.9731022587971526
 0.2364831705355212 -0.9716355850078309
 0.2425834087695555 -0.9701305529617057
 0.2486740702889929 -0.9685872220744743
 0.2547549146465276 -0.9670056532737968
 0.2608257017824159 -0.9653859089968905
 0.2668861920339534 -0.9637280531880651
 0.2729361461449366 -0.9620321512961988
 0.2789753252751078 -0.9602982702721538
 0.2850034910095843 -0.9585264785661336
 0.2910204053682706 -0.9567168461249808
 0.2970258308152534 -0.9548694443894156
 0.3030195302681789 -0.9529843462912153
 0.3090012671076125 -0.9510616262503355
 0.3149708051863799 -0.9491013601719716
 0.3209279088388898 -0.9471036254435625
 0.3268723428904376 -0.945068500931736
 0.3328038726664896 -0.9429960669791945
 0.3387222640019473 -0.9408864054015434
 0.344627283250392 -0.9387395994840616
 0.3505186972933087 -0.9365557339784131
 0.356396273549289 -0.9343348950993013
 0.3622597799832131 -0.9320771705210659
 0.3681089851154099 -0.9297826493742206
 0.3739436580307957 -0.9274514222419357
 0.3797635683879899 -0.9250835811564609
 0.3855684864284085 -0.922679219595493
 0.3913581829853349 -0.9202384324784849
 0.3971324294929663 -0.9177613161628987
 0.4028909979954378 -0.9152479684404015
 0.4086336611558208 -0.9126984885330051
 0.4143601922650984 -0.9101129770891485
 0.4200703652511154 -0.9074915361797248
 0.4257639546875028 -0.9048342692940515
 0.4314407358025776 -0.9021412813357853
 0.4371004844882163 -0.8994126786187798
 0.4427429773087019 -0.8966485688628897
 0.4483679915095449 -0.8938490611897171
 0.4539753050262775 -0.8910142661183043
 0.4595646964932197 -0.8881442955607702
 0.4651359452522189 -0.8852392628178931
 0.4706888313613606 -0.8822992825746366
 0.4762231356036519 -0.8793244708956232
 0.481738639495675 -0.8763149452205514
 0.487235125296213 -0.8732708243595602
 0.4927123760148456 -0.8701922284885377
 0.4981701754205159 -0.8670792791443782
 0.5036083080500662 -0.8639320992201828
 0.5090265592167444 -0.8607508129604086
 0.5144247150186796 -0.8575355459559636
 0.5198025623473257 -0.8542864251392485
 0.5251598888958756 -0.8510035787791457
 0.5304964831676421 -0.8476871364759558
 0.5358121344844071 -0.8443372291562808
 0.5411066329947393 -0.8409539890678556
 0.5463797696822782 -0.8375375497743268
 0.5516313363739864 -0.8340880461499806
 0.5568611257483672 -0.8306056143744174
 0.5620689313436493 -0.8270903919271764
 0.5672545475659376 -0.8235425175823077
 0.57241776969733 -0.8199621314028939
 0.5775583939039988 -0.8163493747355206
 0.5826762172442376 -0.8127043902046968
 0.5877710376764735 -0.8090273217072236
 0.592842654067243 -0.805318314406514
 0.5978908661991323 -0.8015775147268621
 0.6029154747786818 -0.7978050703476622
 0.6079162814442532 -0.7940011301975791
 0.6128930887738613 -0.7901658444486683
 0.6178457002929669 -0.786299364510448
 0.6227739204822342 -0.7824018430239214
 0.6276775547852486 -0.7784734338555507
 0.6325564096161977 -0.7745142920911828
 0.6374102923675143 -0.7705245740299272
 0.6422390114174793 -0.7665044371779851
 0.6470423761377869 -0.7624540402424315
 0.6518201969010705 -0.75837354312495
 0.6565722850883882 -0.75426310691552
 0.6612984530966696 -0.750122893886057
 0.6659985143461219 -0.7459530674840068
 0.6706722832875958 -0.7417537923258928
 0.6753195754099099 -0.7375252341908172
 0.6799402072471362 -0.7332675600139162
 0.6845339963858416 -0.7289809378797703
 0.6891007614722899 -0.7246655370157677
 0.6936403222196015 -0.7203215277854247
 0.69815249941487 -0.7159490816816588
 0.7026371149262381 -0.7115483713200201
 0.7070939917099291 -0.7071195704318751
 0.7115229538172367 -0.7026628538575491
 0.7159238264014709 -0.6981783975394239
 0.7202964357248607 -0.6936663785149912
 0.7246406091654128 -0.6891269749098643
 0.7289561752237269 -0.6845603659307458
 0.7332429635297653 -0.6799667318583527
 0.7375008048495793 -0.6753462540402992
 0.7417295310919901 -0.6706991148839382
 0.7459289753152251 -0.6660254978491591
 0.7500989717335074 -0.6613255874411459
 0.7542393557236019 -0.6565995692030931
 0.7583499638313138 -0.6518476297088811
 0.7624306337779411 -0.6470699565557101
 0.7664812044666814 -0.6422667383566945
 0.7705015159889921 -0.6374381647334166
 0.7744914096309021 -0.6325844263084411
 0.7784507278792787 -0.6277057146977894
 0.7823793144280455 -0.6228022225033746
 0.7862770141843528 -0.6178741433053989
 0.7901436732747004 -0.6129216716547108
 0.7939791390510127 -0.6079450030651246
 0.7977832600966646 -0.602944334005702
 0.8015558862324588 -0.5979198618929961
 0.8052968685225553 -0.5928717850832573
 0.8090060592803509 -0.5878003028646034
 0.8126833120743087 -0.5827056154491511
 0.8163284817337402 -0.5775879239651128
 0.8199414243545355 -0.5724474304488559
 0.823521997304845 -0.5672843378369274
 0.8270700592307093 -0.5620988499580418
 0.8305854700616406 -0.5568911715250345
 0.834068091016152 -0.5516615081267806
 0.8375177846072357 -0.5464100662200778
 0.8409344146477917 -0.5411370531214967
 0.8443178462560039 -0.535842676999196
 0.8476679458606644 -0.5305271468647041
 0.8509845812064475 -0.5251906725646686
 0.85426762135913 -0.5198334647725709
 0.8575169367107611 -0.5144557349804102
 0.8607323989847785 -0.5090576954903537
 0.8639138812410725 -0.5036395594063554
 0.8670612578809975 -0.4982015406257432
 0.8701744046523306 -0.4927438538307744
 0.8732531986541765 -0.4872667144801612
 0.8762975183418195 -0.481770338800564
 0.8793072435315217 -0.4762549437780556
 0.8822822554052678 -0.470720747149555
 0.8852224365154561 -0.4651679673942316
 0.8881276707895343 -0.4595968237248797
 0.8909978435345824 -0.454007536079265
 0.8938328414418408 -0.4484003251114416
 0.8966325525911826 -0.4427754121830408
 0.8993968664555326 -0.4371330193545326
 0.902125673905231 -0.431473369376459
 0.9048188672123408 -0.4257966856806401
 0.9074763400549014 -0.4201031923713535
 0.9100979875211256 -0.4143931142164874
 0.9126837061135412 -0.408666676638667
 0.9152333937530774 -0.4029241057063551
 0.9177469497830943 -0.3971656281249275
 0.9202242749733567 -0.3913914712277234
 0.9226652715239513 -0.3856018629670702
 0.925069843069148 -0.3797970319052848
 0.9274378946812041 -0.3739772072056502
 0.9297693328741118 -0.3681426186233687
 0.932064065607289 -0.3622934964964916
 0.9343220022892126 -0.3564300717368258
 0.936543053780995 -0.3505525758208179
 0.9387271323999035 -0.3446612407804163
 0.9408741519228212 -0.3387562991939102
 0.9429840275896513 -0.3328379841767489
 0.9450566761066632 -0.3269065293723382
 0.9470920156497808 -0.3209621689428168
 0.9490899658678128 -0.315005137559812
 0.9510504478856244 -0.3090356703951754
 0.9529733843072516 -0.3030540031116985
 0.9548586992189568 -0.2970603718538098
 0.9567063181922252 -0.2910550132382518
 0.9585161682867031 -0.2850381643447398
 0.9602881780530779 -0.2790100627066027
 0.9620222775358984 -0.2729709463014057
 0.9637183982763369 -0.2669210535415552
 0.9653764733148912 -0.2608606232648866
 0.9669964371940286 -0.2547898947252361
 0.9685782259607698 -0.2487091075829946
 0.9701217771692137 -0.2426185018956471
 0.9716270298830024 -0.2365183181082952
 0.9730939246777273 -0.2304087970441653
 0.9745224036432745 -0.2242901798951007
 0.9759124103861114 -0.2181627082120403
 0.9772638900315131 -0.2120266238954828
 0.9785767892257283 -0.2058821691859364
 0.9798510561380859 -0.1997295866543559
 0.9810866404630409 -0.1935691191925667
 0.982283493422161 -0.1874010100036756
 0.9834415677660515 -0.1812255025924695
 0.984560817776221 -0.1750428407558029
 0.9856411992668863 -0.1688532685729727
 0.9866826695867168 -0.1626570303960826
 0.987685187620518 -0.1564543708403968
 0.9886487137908551 -0.1502455347746825
 0.9895732100596147 -0.1440307673115438
 0.9904586399295074 -0.1378103137977444
 0.9913049684455081 -0.131584419804522
 0.9921121621962358 -0.1253533311178939
 0.992880189315273 -0.1191172937289536
 0.9936090194824237 -0.1128765538241596
 0.9942986239249104 -0.1066313577756162
 0.9949489754185094 -0.100381952131348
 0.9955600482886262 -0.09412858360556567
 0.996131818411309 -0.0878714990689268
 0.9966642632142011 -0.08161094553878975
 0.9971573616774315 -0.07534717016946192
 0.9976110943344453 -0.06908042024244254
 0.9980254432727719 -0.06281094315666051
 0.9984003921347324 -0.05653898641870761
 0.9987359261180851 -0.05026479763306738
 0.9990320319766101 -0.04398862449234018
 0.9992886980206318 -0.03771071476746483
 0.9995059141174811 -0.03143131629793706
 0.9996836716918949 -0.02515067698202528
 0.9998219637263546 -0.0188690447669841
 0.9999207847613634 -0.0125866676392658
 0.9999801308956618 -0.006303793614730368
 0.9999999997863817 -2.067072885428315e-05
 0.9999803906491379 0.006262452973061414
 0.9999213042580608 0.01254532944568347
 0.9998227429457647 0.01882771065343875
 0.9996847106032556 0.02510934858030621
 0.9995072126797784 0.03138999523960807
 0.9992902561826009 0.03766940268379981
 0.9990338496767378 0.04394732301425873
 0.9987380032846125 0.0502235083910704
 0.9984027286856569 0.05649771104281297
 0.9980280391158511 0.06276968327633864
 0.9976139493672004 0.06903917748655214
 0.9971604757871514 0.07530594616618567
 0.996667636277947 0.08156974191557001
 0.9961354502959189 0.08783031745240134
 0.9955639388507204 0.09408742562150352
 0.9949531245044961 0.1003408194045852
 0.994303031370992 0.1065902519299917
 0.9936136851146028 0.1128354764824511
 0.9928851129493595 0.1190762465128136
 0.9921173436378545 0.1253123156477855
 0.991310407490106 0.1315434376996551
 0.9904643363623618 0.1377693666760116
 0.9895791636558414 0.1439898567894568
 0.988654924315418 0.150204662467308
 0.9876916548282381 0.1564135383612929
 0.9866893932222812 0.1626162393572352
 0.9856481790648591 0.1688125205847314
 0.9845680534610537 0.175002137426818
 0.9834490590520936 0.1811848455296281
 0.9822912400136712 0.1873604008120384
 0.9810946420541991 0.1935285594753045
 0.9798593124130048 0.1996890780126864
 0.9785852998584669 0.2058417132190608
 0.9772726546860881 0.2119862222005229
 0.9759214287165117 0.2181223623839754
 0.9745316752934741 0.2242498915267044
 0.9731034492816997 0.2303685677259431
 0.9716368070647351 0.2364781494284212
 0.9701318065427228 0.2425783954399015
 0.9685885071301154 0.2486690649347012
 0.9670069697533302 0.2547499174651997
 0.9653872568483443 0.2608207129713307
 0.9637294323582287 0.2668812117900594
 0.9620335617306254 0.2729311746648438
 0.9602997119151621 0.2789703627550805
 0.9585279513608104 0.284998537645533
 0.9567183500131831 0.2910154613557444
 0.9548709793117728 0.2970208963494321
 0.9529859121871318 0.3030146055438656
 0.9510632230579927 0.3089963523192254
 0.9491029878283309 0.3149659005279452
 0.9471052838843673 0.3209230145040339
 0.9450701900915143 0.3268674590723791
 0.9429977867912614 0.332798999558032
 0.9408881557980043 0.3387174017954714
 0.9387413803958142 0.3446224321378482
 0.9365575453351505 0.3505138574662093
 0.9343367368295148 0.3563914451987008
 0.9320790425520475 0.3622549632997498
 0.9297845516320664 0.3681041802892248
 0.9274533546515481 0.3739388652515737
 0.9250855436415523 0.3797587878449404
 0.9226812120785882 0.385563718310258
 0.9202404548809247 0.3913534274803193
 0.9177633684048425 0.3971276867888237
 0.915250050440831 0.4028862682794006
 0.9127006002097269 0.4086289446146089
 0.9101151183587978 0.4143554890849117
 0.9074937069577685 0.420065675617626
 0.9048364694947918 0.4257592787858482
 0.9021435108723624 0.4314360738173533
 0.8994149374031762 0.4370958366034682
 0.8966508568059329 0.4427383437079194
 0.8938513782010836 0.4483633723756533
 0.8910166121065231 0.4539707005416311
 0.8881466704332265 0.4595601068395945
 0.8852416664808314 0.4651313706108053
 0.882301714933165 0.4706842719127566
 0.879326931853717 0.4762185915278555
 0.8763174346810569 0.4817341109720774
 0.8732733422241983 0.4872306125035912
 0.8701947746579082 0.492707879131356
 0.8670818535179632 0.4981656946236864
 0.8639347016963511 0.5036038435167899
 0.8607534434364197 0.5090221111232723
 0.8575382043279713 0.5144202835406135
 0.8542891113023057 0.5197981476596119
 0.8510062926272079 0.525155491172797
 0.8476898779018858 0.5304921025828122
 0.8443399980518523 0.5358077712107628
 0.8409567853237581 0.541102287204534
 0.8375403732801696 0.5463754415470753
 0.8340908967942973 0.5516270260646521
 0.8306084920446701 0.5568568334350639
 0.8270932965097604 0.562064657195829
 0.8235454489625558 0.5672502917523353
 0.819965089465081 0.5724135323859568
 0.8163523593628684 0.5775541752621354
 0.8127074012793781 0.5826720174384277
 0.8090303591103671 0.5877668568725172
 0.8053213780182091 0.59283849243019
 0.8015806044261634 0.597886723893276
 0.7978081860125945 0.6029113519675521
 0.794004271705142 0.6079121782906107
 0.7901690116748413 0.6128890054396904
 0.7863025573301953 0.6178416369394696
 0.7824050613111966 0.6227698772698236
 0.7784766774833022 0.6276735318735427
 0.7745175609313587 0.6325524071640133
 0.7705278679534799 0.6374063105328602
 0.766507756054877 0.6422350503575506
 0.76245738394164 0.6470384360089584
 0.7583769115144724 0.6518162778588905
 0.7542664998623788 0.6565683872875729
 0.7501263112563055 0.6612945766910966
 0.7459565091427339 0.665994659488824
 0.7417572581372287 0.670668450130755
 0.7375287240179385 0.6753157641048521
 0.7332710737190514 0.6799364179443238
 0.7289844753242052 0.6845302292348688
 0.724669098059851 0.6890970166218766
 0.7203251122885733 0.693636599817587
 0.7159526895023639 0.6981487996082073
 0.7115520023158518 0.7026334378609882
 0.7071232244594888 0.7070903375312554
 0.702666530772691 0.7115193226693989
 0.6981820971969366 0.7159202184278195
 0.6936701007688195 0.7202928510678315
 0.6891307196130612 0.7246370479665211
 0.6845641329354776 0.7289526376235617
 0.6799705210159055 0.7332394496679839
 0.6753500652010848 0.7374973148649021
 0.6707029478974992 0.741726065122195
 0.6660293525641757 0.7459255334971415
 0.6613294637054417 0.7500955542030117
 0.6566034668636408 0.7542359626156114
 0.6518515486118088 0.7583465952797818
 0.6470738965463073 0.7624272899158513
 0.642270699279418 0.7664778854260429
 0.6374421464318971 0.7704982219008338
 0.6325884286254889 0.7744881406252685
 0.6277097374754008 0.7784474840852237
 0.6228062655827384 0.7823760959736276
 0.6178782065269024 0.78627382119663
 0.6129257548579459 0.7901405058797258
 0.6079491060888943 0.7939759973738288
 0.6029484566880271 0.7977801442612985
 0.5979240040711212 0.8015527963619177
 0.5928759465936576 0.8052938047388212
 0.5878044835429905 0.8090030217043757
 0.5827098151304801 0.8126803008260099
 0.5775921424835886 0.8163254969319961
 0.5724516676379398 0.8199384661171801
 0.5672885935293434 0.8235190657486637
 0.5621031239857835 0.8270671544714343
 0.5568954637193719 0.8305825922139461
 0.5516658183182663 0.8340652401936497
 0.546414394238554 0.8375149609224705
 0.5411413987961017 0.8409316182122371
 0.535847040158371 0.8443150771800575
 0.5305315273362003 0.847665204253644
 0.5251950701755536 0.8509818671765862
 0.5198378793492356 0.8542649350135725
 0.5144601663485759 0.8575142781555589
 0.5090621434750787 0.8607297683248861
 0.503644023832042 0.8639112785803432
 0.4982060213161446 0.8670586833221793
 0.492748350609002 0.870171858297062
 0.487271227168691 0.8732506806029825
 0.481774867221244 0.8762950286941077
 0.4762594877521126 0.8793047823855785
 0.470725306497602 0.8822798228582546
 0.4651725419362743 0.8852200326634048
 0.4596014132803244 0.8881252957273442
 0.4540121404669251 0.8909954973560166
 0.4484049441495448 0.8938305242395215
 0.4427800456892367 0.8966302644565884
 0.4371376671458996 0.8993946074789948
 0.4314780312695113 0.9021234441759294
 0.4258013614913354 0.9048166668183008
 0.4201078819151 0.9074741690829901
 0.4143978173081512 0.9100958460570486
 0.4086713930925793 0.9126815942418395
 0.4029288353363196 0.9152313115571235
 0.3971703707442277 0.9177448973450891
 0.3913962266491301 0.9202222523743263
 0.3856066310028488 0.922663278843744
 0.3798018123672025 0.9250678803864308
 0.3739819999049839 0.92743596207346
 0.3681474233709121 0.9297674304176363
 0.3622983131025627 0.9320621933771873
 0.3564349000112744 0.9343201603593967
 0.3505574155730334 0.9365412422241808
 0.3446660918193346 0.9387253512876076
 0.338761161328022 0.9408724013253583
 0.3328428572141068 0.9429823075761316
 0.3269114131205643 0.9450549867449894
 0.3209670632091103 0.9470903570066457
 0.3150100421509568 0.9490883380086961
 0.309040585117548 0.951048850874791
 0.3030589277712755 0.9529718182077485
 0.2970653062561753 0.9548571640926102
 0.2910599571886052 0.9567048140996388
 0.2850431176479037 0.9585146952872556
 0.2790150251670305 0.9602867362049204
 0.2729759177231892 0.9620208668959525
 0.2669260337284324 0.9637170189002917
 0.2608656120202497 0.9653751252572018
 0.2547948918521388 0.9669951205079137
 0.2487141128841602 0.9685769406982095
 0.2426235151734762 0.9701205233809477
 0.2365233391648736 0.9716258076185277
 0.2304138256812715 0.9730927339852964
 0.2242952159142139 0.9745212445698936
 0.2181677514143486 0.9759112829775387
 0.2120316740818904 0.9772627943322563
 0.2058872261570719 0.9785757252790434
 0.1997346502105801 0.9798500239859753
 0.1935741891339804 0.9810856401462521
 0.1874060861301274 0.9822825249801844
 0.181230584703564 0.9834406312371193
 0.1750479286509084 0.9845599131973056
 0.1688583620512291 0.9856403266736988
 0.1626621292564094 0.9866818290137054
 0.156459474881501 0.9876843791008668
 0.1502506437950668 0.9886479373564828
 0.144035881109514 0.9895724657411735
 0.1378154321714179 0.9904579277563815
 0.1315895425518355 0.9913042884458126
 0.1253584580366115 0.992111514396816
 0.1191224246166746 0.9928795737417028
 0.1128816884783266 0.9936084361590046
 0.1066364959935233 0.9942980728746708
 0.1003870937101484 0.9949484566632036
 0.09413372834228004 0.9955595618487337
 0.08787664676045105 0.9961313643060337
 0.08161609598190318 0.9966638414614699
 0.07535232316083518 0.9971569722938944
 0.06908557557864568 0.9976107373354745
 0.06281610063417106 0.9980251186724609
 0.05654414583391852 0.9984000999458958
 0.0502699587822951 0.998735666352258
 0.04399378717183274 0.9990318046440473
 0.03771587877340981 0.9992885031303081
 0.03143648142646968 0.9995057516770905
 0.02515584302923646 0.9996835417078502
 0.01887421152892849 0.9998218662037874
 0.01259183491196982 0.9999207197041238
 0.006308961194200284 0.9999800983063181
 2.583841108424996e-05 0.9999999996662201
 -0.0062572853920813 0.9999804229981635
 -0.01254016216995911 0.9999213690749964
 -0.01882254388696401 0.9998228402280513
 -0.02510418252705484 0.999684840347053
 -0.03138483010352566 0.9995073748799642
 -0.03766423866879575 0.9992904508327719
 -0.04394216032419814 0.9990340767692096
 -0.05021834722976611 0.9987382628104199
 -0.05649255161401745 0.9984030206345543
 -0.06276452578373597 0.9980283634763131
 -0.06903402213374996 0.9976143061264218
 -0.07530079315670714 0.9971608649310481
 -0.08156459145284577 0.9966680577911563
 -0.08782516973976151 0.9961359041618004
 -0.09408228086216963 0.9955644250513562
 -0.1003356778016622 0.9949536430206921
 -0.10658511368646 0.9943035821822781
 -0.1128303418011583 0.9936142681992343
 -0.1190711155964669 0.9928857282843173
 -0.1253071886989433 0.9921179911988462
 -0.1315383149207192 0.9913110872515672
 -0.1377642482692193 0.990465048297457
 -0.1439847429568727 0.9895799077364649
 -0.1501995534108162 0.9886557005121948
 -0.1564084342825887 0.9876924631105253
 -0.1626111404578176 0.9866902335581695
 -0.1688074270658949 0.9856490514211739
 -0.1749970494896448 0.9845689578033558
 -0.1811797633749798 0.9834499953446815
 -0.1873553246405484 0.982292208219582
 -0.1935234894873702 0.9810956421352098
 -0.1996840144084608 0.9798603443296344
 -0.2058366561984451 0.9785863635699771
 -0.2119811719631583 0.9772737501504858
 -0.2181173191292353 0.97592255589055
 -0.2242448554536865 0.9745328341326545
 -0.2303635390334616 0.9731046397402735
 -0.236473128314999 0.9716380290957053
 -0.2425733821037623 0.9701330600978459
 -0.2486640595737616 0.9685897921599037
 -0.2547449202770615 0.9670082862070534
 -0.260815724153273 0.9653886046740312
 -0.2668762315390308 0.96373081150267
 -0.272926203177455 0.9620349721393749
 -0.2789654002275959 0.96030115353254
 -0.2849935842738634 0.9585294241299044
 -0.2910105173354391 0.9567198538758512
 -0.2970159618756714 0.9548725142086456
 -0.3030096808114527 0.9529874780576144
 -0.3089914375225792 0.9510648198402677
 -0.3149609958610921 0.9491046154593603
 -0.3209181201606003 0.9471069422998956
 -0.3268625752455842 0.9450718792260704
 -0.3327941264406796 0.9429995065781617
 -0.3387125395799425 0.940889906169355
 -0.3446175810160934 0.9387431612825141
 -0.3505090176297414 0.9365593566668937
 -0.356386616838587 0.9343385785347935
 -0.3622501466066043 0.9320809145581548
 -0.3680993754532011 0.9297864538650991
 -0.3739340724623573 0.9274552870364099
 -0.3797540072917412 0.9250875061019563
 -0.3855589501818029 0.9226832045370605
 -0.3913486719648445 0.9202424772588069
 -0.3971229440740675 0.9177654206222953
 -0.4028815385525961 0.9152521324168367
 -0.4086242280624764 0.9127027118620933
 -0.4143507858936513 0.910117259604161
 -0.4200609859729105 0.9074958777115965
 -0.4257546028728156 0.9048386696713872
 -0.4314314118205993 0.9021457403848666
 -0.4370911887070392 0.8994171961635725
 -0.4427337100953052 0.8966531447250499
 -0.4483587532297798 0.8938536951885987
 -0.4539660960448531 0.8910189580709662
 -0.4595555171736885 0.8881490452819835
 -0.4651267959569623 0.8852440701201481
 -0.4706797124515749 0.8823041472681505
 -0.4762140474393335 0.8793293927883475
 -0.4817295824356067 0.8763199241181795
 -0.4872260996979497 0.8732758600655348
 -0.4927033822347001 0.8701973208040594
 -0.4981612138135449 0.8670844278684123
 -0.5035993789700564 0.8639373041494678
 -0.5090176630161981 0.8607560738894642
 -0.5144158520488012 0.8575408626770986
 -0.519793732958008 0.8542917974425693
 -0.5251510934356854 0.8510090064525645
 -0.5304877219838068 0.8476926193051986
 -0.5358034079228009 0.8443427669248963
 -0.5410979413998697 0.8409595815572236
 -0.5463711133972724 0.837543196763667
 -0.5516227157405774 0.8340937474163608
 -0.5568525411068805 0.8306113696927631
 -0.5620603830329897 0.8270962010702788
 -0.5672460359235756 0.8235483803208333
 -0.5724092950592884 0.8199680475053934
 -0.5775499566048394 0.8163553439684381
 -0.5826678176170486 0.8127104123323787
 -0.5877626760528555 0.8090333964919282
 -0.5928343307772964 0.8053244416084208
 -0.5978825815714442 0.801583694104081
 -0.6029072291403129 0.7978113016562438
 -0.6079080751207252 0.7940074131915235
 -0.6128849220891436 0.7901721788799353
 -0.6178375735694642 0.7863057501289668
 -0.6227658340407735 0.7824082795776003
 -0.6276695089450665 0.7784799210902872
 -0.6325484046949282 0.7745208297508738
 -0.637402328681176 0.7705311618564787
 -0.6422310892804627 0.7665110749113228
 -0.6470344958628425 0.7624607276205106
 -0.6518123587992958 0.7583802798837662
 -0.6565644894692161 0.7542698927891192
 -0.6612907002678557 0.7501297286065464
 -0.6659908046137326 0.7459599507815651
 -0.6706646169559961 0.741760723928781
 -0.6753119527817517 0.7375322138253894
 -0.6799326286233456 0.73327458740463
 -0.6845264620656076 0.7289880127491981
 -0.6890932717530528 0.7246726590846079
 -0.6936328773970405 0.7203286967725119
 -0.6981450997828922 0.7159562973039757
 -0.7026297607769663 0.7115556332927079
 -0.7070866833336905 0.7071268784682454
 -0.7115156915025517 0.7026702076690952
 -0.7159166104350413 0.6981857968358316
 -0.7202892663915588 0.6936738230041511
 -0.7246334867482698 0.6891344642978827
 -0.7289491000039215 0.6845678999219563
 -0.7332359357866133 0.6799743101553283
 -0.737493824860522 0.6753538763438638
 -0.7417225991325839 0.670706780893178
 -0.7459220916591299 0.6660332072614352
 -0.7500921366524765 0.661333339952106
 -0.754232569487471 0.6566073645066833
 -0.7583432267079899 0.6518554674973582
 -0.7624239460333927 0.6470778365196537
 -0.7664745663649276 0.6422746601850191
 -0.7704949277920918 0.6374461281133841
 -0.7744848715989445 0.6325924309256729
 -0.7784442402703725 0.6277137602362789
 -0.7823728774983086 0.6228103086455
 -0.7862706281879024 0.6178822697319353
 -0.7901373384636431 0.6129298380448428
 -0.7939728556754343 0.6079532090964591
 -0.7977770284046203 0.6029525793542813
 -0.8015497064699637 0.5979281462333099
 -0.8052907409335743 0.5928801080882564
 -0.8089999841067887 0.587808664205712
 -0.8126772895560014 0.5827140147962798
 -0.8163225121084449 0.577596360986672
 -0.8199355078579215 0.5724559048117687
 -0.8235161341704836 0.5672928492066426
 -0.8270642496900659 0.5621073979985473
 -0.8305797143440643 0.5568997558988705
 -0.834062389348867 0.5516701284950529
 -0.8375121372153327 0.5464187222424715
 -0.8409288217542186 0.541145744456289
 -0.844312308081557 0.5358514033032701
 -0.84766246262398 0.5305359077935626
 -0.850979153123993 0.5251994677724473
 -0.8542622486451954 0.5198422939120525
 -0.8575116195774505 0.5144645977030377
 -0.8607271376420017 0.5090665914462442
 -0.863908675896537 0.5036484882443141
 -0.8670561087402001 0.4982105019932771
 -0.8701693119185494 0.4927528473741066
 -0.8732481625284625 0.4872757398442443
 -0.8762925390229888 0.4817793956290944
 -0.879302321216148 0.4762640317134876
 -0.8822773902876747 0.4707298658331147
 -0.8852176287877087 0.4651771164659314
 -0.8881229206414323 0.4596060028235324
 -0.8909931511536524 0.4540167448424978
 -0.8938282070133285 0.4484095631757107
 -0.896627976298046 0.4427846791836458
 -0.899392348478435 0.4371423149256305
 -0.902121214422533 0.4314826931510789
 -0.9048144664000941 0.4258060372906977
 -0.9074719980868414 0.4201125714476658
 -0.9100937045686645 0.4144025203887869
 -0.9126794823457615 0.4086761095356166
 -0.9152292293367252 0.4029335649555626
 -0.9177428448825726 0.3971751133529605
 -0.9202202297507188 0.3914009820601236
 -0.9226612861388946 0.3856113990283688
 -0.9250659176790077 0.379806592819017
 -0.9274340294409469 0.3739867925943699
 -0.9297655279363297 0.3681522281086637
 -0.9320603211221934 0.3623031296989984
 -0.9343183184046285 0.3564397282762444
 -0.936539430642355 0.3505622553159273
 -0.9387235701502419 0.344670942849089
 -0.9408706507027685 0.3387660234531278
 -0.9429805875374287 0.3328477302426169
 -0.9450532973580773 0.326916296860101
 -0.9470886983382181 0.3209719574668733
 -0.949086710124234 0.3150149467337305
 -0.9510472538385598 0.309045499831709
 -0.9529702520827961 0.3030638524228005
 -0.9548556289407644 0.2970702406506489
 -0.9567033099815042 0.2910649011312273
 -0.9585132222622118 0.2850480709434972
 -0.9602852943311195 0.2790199876200491
 -0.9620194562303167 0.272980889137725
 -0.9637156394985114 0.2669310139082238
 -0.9653737771737331 0.2608706007686889
 -0.9669938037959762 0.2547998889722798
 -0.9685756554097845 0.2487191181787267
 -0.9701192695667759 0.242628528444869
 -0.9716245853281072 0.2365283602151786
 -0.9730915432668809 0.2304188543122676
 -0.9745200854704902 0.2243002519273807
 -0.9759101555429063 0.2181727946108741
 -0.9772616986069038 0.2120367242626792
 -0.9785746613062278 0.2058922831227528
 -0.9798489918077004 0.1997397137615141
 -0.9810846398032661 0.1935792590702684
 -0.9822815565119789 0.1874111622516184
 -0.9834396946819276 0.1812356668098627
 -0.9845590085921011 0.1750530165413833
 -0.9856394540541935 0.1688634555250203
 -0.9866809884143486 0.1626672281124367
 -0.9876835705548437 0.1564645789184715
 -0.988647160895713 0.1502557528114832
 -0.9895717213963102 0.1440409949036824
 -0.9904572155568101 0.1378205505414558
 -0.9913036084196493 0.1315946652956798
 -0.9921108665709067 0.1253635849520262
 -0.9928789581416226 0.1191275555012593
 -0.9936078528090564 0.1128868231295242
 -0.9942975217978838 0.1066416342086279
 -0.9949479378813333 0.1003922352863133
 -0.9955590753822607 0.09413887307652594
 -0.9961309101741626 0.08788179444967402
 -0.9966634196821289 0.08162124642288261
 -0.9971565828837345 0.07535747615024183
 -0.9976103803098688 0.06909073091304969
 -0.9980247940455043 0.06282125811004997
 -0.9983998077304037 0.05654930524766535
 -0.9987354065597666 0.05027511993022638
 -0.9990315772848127 0.04399894985019652
 -0.9992883082133062 0.03772104277839374
 -0.9995055892100161 0.03144164655420903
 -0.9996834116971172 0.02516100907582217
 -0.9998217686545283 0.01887937829041522
 -0.9999206546201895 0.01259700218438402
 -0.9999800656902781 0.006314128773548237
 -0.9999999995193621 3.100609336011014e-05
